"ACT","Conservative","Green","Labour","Mana","Maori","National","NZ_First","United Future","NatCoal","LabGreen","LabGreenMaori","LabGreenNZFirst","NatCoalNZFirst","Total"
1,0,8,50,1,2,49,10,0,52,58,60,68,62,121
1,0,7,48,0,2,53,9,0,56,55,57,64,65,120
1,0,8,48,0,4,49,13,0,54,56,60,69,67,123
1,0,9,45,0,4,51,13,0,56,54,58,67,69,123
2,0,10,44,0,3,53,8,0,58,54,57,62,66,120
1,0,0,53,0,0,56,10,0,57,53,53,63,67,120
1,0,10,45,1,3,45,16,0,49,55,58,71,65,121
0,0,11,44,1,3,54,8,0,57,55,58,63,65,121
1,0,10,47,1,1,50,10,0,52,57,58,67,62,120
1,0,9,49,0,2,51,9,0,54,58,60,67,63,121
0,0,10,44,0,2,49,15,0,51,54,56,69,66,120
1,0,8,44,1,3,54,12,0,58,52,55,64,70,123
1,0,8,49,1,2,48,14,0,51,57,59,71,65,123
1,0,8,44,1,4,54,11,0,59,52,56,63,70,123
0,0,11,48,1,2,49,10,0,51,59,61,69,61,121
1,0,8,47,1,3,55,8,0,59,55,58,63,67,123
0,0,11,41,1,1,55,12,0,56,52,53,64,68,121
1,0,8,45,0,5,51,10,0,57,53,58,63,67,120
1,0,6,44,0,3,55,14,0,59,50,53,64,73,123
1,0,10,45,0,3,48,14,0,52,55,58,69,66,121
0,0,10,43,1,3,52,13,0,55,53,56,66,68,122
2,0,6,54,1,2,50,7,0,54,60,62,67,61,122
0,0,8,50,0,4,49,10,0,53,58,62,68,63,121
1,0,0,54,0,4,54,10,0,59,54,58,64,69,123
1,0,8,49,0,3,54,7,0,58,57,60,64,65,122
3,0,9,46,1,3,50,9,0,56,55,58,64,65,121
1,0,6,47,0,2,49,16,0,52,53,55,69,68,121
1,0,7,50,0,3,51,9,0,55,57,60,66,64,121
1,0,10,46,1,4,52,10,0,57,56,60,66,67,124
0,0,8,52,0,1,51,8,0,52,60,61,68,60,120
0,0,8,48,0,3,48,14,0,51,56,59,70,65,121
1,0,11,47,1,2,49,11,0,52,58,60,69,63,122
0,0,7,47,0,2,52,12,0,54,54,56,66,66,120
1,0,7,47,1,3,55,9,0,59,54,57,63,68,123
0,0,6,50,0,4,53,9,0,57,56,60,65,66,122
1,0,7,50,0,2,51,10,0,54,57,59,67,64,121
1,0,7,51,1,2,47,13,0,50,58,60,71,63,122
1,0,9,53,1,3,47,7,0,51,62,65,69,58,121
1,0,6,47,1,3,53,11,0,57,53,56,64,68,122
1,0,8,48,0,4,47,12,0,52,56,60,68,64,120
1,0,8,47,0,1,49,14,0,51,55,56,69,65,120
2,0,8,45,1,2,52,12,0,56,53,55,65,68,122
1,0,0,53,1,4,45,18,0,50,53,57,71,68,122
1,0,8,46,0,2,52,11,0,55,54,56,65,66,120
1,0,6,51,1,4,48,13,0,53,57,61,70,66,124
4,0,9,53,0,2,44,9,0,50,62,64,71,59,121
1,0,6,47,0,3,57,9,0,61,53,56,62,70,123
1,0,8,50,1,3,53,7,0,57,58,61,65,64,123
2,0,10,45,0,4,49,10,0,55,55,59,65,65,120
1,0,12,45,1,1,49,12,0,51,57,58,69,63,121
1,0,9,45,0,5,54,11,0,60,54,59,65,71,125
3,0,7,49,0,2,48,12,0,53,56,58,68,65,121
1,0,9,48,1,4,50,11,0,55,57,61,68,66,124
1,0,9,54,0,4,41,12,0,46,63,67,75,58,121
1,0,9,41,0,6,58,10,0,65,50,56,60,75,125
1,0,10,45,0,4,53,10,0,58,55,59,65,68,123
0,0,9,50,1,2,47,12,0,49,59,61,71,61,121
1,0,8,48,1,2,50,12,0,53,56,58,68,65,122
1,0,8,45,1,5,53,12,0,59,53,58,65,71,125
1,0,7,41,1,4,57,10,0,62,48,52,58,72,121
0,0,7,46,0,3,53,14,0,56,53,56,67,70,123
1,0,14,44,1,4,50,10,0,55,58,62,68,65,124
2,0,7,49,1,4,50,10,0,56,56,60,66,66,123
1,0,10,44,1,2,53,11,0,56,54,56,65,67,122
2,0,6,49,1,4,52,9,0,58,55,59,64,67,123
2,0,8,48,0,3,49,11,0,54,56,59,67,65,121
1,0,8,50,1,3,49,10,0,53,58,61,68,63,122
0,0,9,47,0,5,51,10,0,56,56,61,66,66,122
1,0,7,51,1,6,51,9,0,58,58,64,67,67,126
1,0,7,48,0,4,51,13,0,56,55,59,68,69,124
1,0,8,53,0,4,47,10,0,52,61,65,71,62,123
0,0,0,53,0,2,57,8,0,59,53,55,61,67,120
0,0,9,45,0,3,54,11,0,57,54,57,65,68,122
0,0,9,49,1,3,52,9,0,55,58,61,67,64,123
1,0,7,47,0,3,52,11,0,56,54,57,65,67,121
1,0,7,51,1,4,51,8,0,56,58,62,66,64,123
6,0,8,45,1,1,49,11,0,56,53,54,64,67,121
1,0,8,48,0,3,50,11,0,54,56,59,67,65,121
2,0,0,53,1,4,52,11,0,58,53,57,64,69,123
1,0,11,46,0,5,48,13,0,54,57,62,70,67,124
1,0,11,42,1,4,53,12,0,58,53,57,65,70,124
0,0,0,56,0,4,51,11,0,55,56,60,67,66,122
2,0,7,47,0,2,52,10,0,56,54,56,64,66,120
1,0,7,47,1,3,52,12,0,56,54,57,66,68,123
1,0,9,44,1,5,55,9,0,61,53,58,62,70,124
4,0,8,42,1,3,52,12,0,59,50,53,62,71,122
1,0,7,47,0,4,51,13,0,56,54,58,67,69,123
2,0,9,43,0,3,53,11,0,58,52,55,63,69,121
1,0,8,52,1,4,50,9,0,55,60,64,69,64,125
1,0,9,43,1,2,52,14,0,55,52,54,66,69,122
1,0,11,45,1,3,49,13,0,53,56,59,69,66,123
3,0,11,47,1,2,48,9,0,53,58,60,67,62,121
1,0,8,49,0,4,51,10,0,56,57,61,67,66,123
1,0,9,45,0,1,52,12,0,54,54,55,66,66,120
0,0,8,49,0,3,51,11,0,54,57,60,68,65,122
2,0,8,49,1,5,53,7,0,60,57,62,64,67,125
1,0,9,43,1,3,54,13,0,58,52,55,65,71,124
1,0,10,45,1,5,53,10,0,59,55,60,65,69,125
1,0,7,51,0,2,49,11,0,52,58,60,69,63,121
1,0,7,47,2,4,50,11,0,55,54,58,65,66,122
1,0,9,42,1,2,52,14,0,55,51,53,65,69,121
1,0,7,45,0,4,56,8,0,61,52,56,60,69,121
1,0,9,43,0,2,56,11,0,59,52,54,63,70,122
2,0,6,49,0,2,48,13,0,52,55,57,68,65,120
1,0,8,45,1,2,55,9,0,58,53,55,62,67,121
1,0,8,49,1,3,50,11,0,54,57,60,68,65,123
1,0,10,42,0,3,55,12,0,59,52,55,64,71,123
3,0,8,48,0,3,51,8,0,57,56,59,64,65,121
0,0,7,49,0,2,49,14,0,51,56,58,70,65,121
1,0,9,47,1,1,49,14,0,51,56,57,70,65,122
0,0,8,45,1,4,52,11,0,56,53,57,64,67,121
1,0,9,47,1,2,51,10,0,54,56,58,66,64,121
0,0,8,50,0,1,54,8,0,55,58,59,66,63,121
0,0,8,48,0,5,52,11,0,57,56,61,67,68,124
3,0,10,43,0,3,52,11,0,58,53,56,64,69,122
0,0,12,44,0,4,52,11,0,56,56,60,67,67,123
1,0,8,48,0,2,49,13,0,52,56,58,69,65,121
1,0,9,48,1,3,52,8,0,56,57,60,65,64,122
1,0,7,48,1,3,51,11,0,55,55,58,66,66,122
1,0,10,43,0,3,53,12,0,57,53,56,65,69,122
1,0,9,41,0,4,57,11,0,62,50,54,61,73,123
1,0,8,49,1,3,48,12,0,52,57,60,69,64,122
0,0,7,46,1,6,52,13,0,58,53,59,66,71,125
1,0,7,47,1,3,54,9,0,58,54,57,63,67,122
1,0,8,51,1,4,46,13,0,51,59,63,72,64,124
2,0,9,43,0,3,56,9,0,61,52,55,61,70,122
1,0,7,42,0,4,53,15,0,58,49,53,64,73,122
1,0,6,49,0,4,50,14,0,55,55,59,69,69,124
1,0,9,46,1,2,51,12,0,54,55,57,67,66,122
1,0,8,47,0,4,51,11,0,56,55,59,66,67,122
1,0,8,48,1,2,50,12,0,53,56,58,68,65,122
1,0,6,46,0,3,55,10,0,59,52,55,62,69,121
1,0,8,49,1,5,47,13,0,53,57,62,70,66,124
2,0,9,47,1,4,52,9,0,58,56,60,65,67,124
1,0,9,43,2,4,50,13,0,55,52,56,65,68,122
0,0,11,46,0,2,53,9,0,55,57,59,66,64,121
0,0,6,49,1,2,56,7,0,58,55,57,62,65,121
1,0,6,50,1,4,48,14,0,53,56,60,70,67,124
1,0,0,55,0,3,52,10,0,56,55,58,65,66,121
1,0,11,46,1,3,48,13,0,52,57,60,70,65,123
3,0,10,47,1,2,49,10,0,54,57,59,67,64,122
0,0,10,47,1,4,53,8,0,57,57,61,65,65,123
0,0,0,52,1,3,56,8,0,59,52,55,60,67,120
1,0,10,43,0,6,54,11,0,61,53,59,64,72,125
3,0,11,41,0,2,55,9,0,60,52,54,61,69,121
3,0,9,42,1,2,56,8,0,61,51,53,59,69,121
0,0,7,52,1,3,47,12,0,50,59,62,71,62,122
0,0,7,44,1,2,59,9,0,61,51,53,60,70,122
1,0,8,46,0,4,54,10,0,59,54,58,64,69,123
1,0,10,50,0,2,48,10,0,51,60,62,70,61,121
1,0,10,44,0,4,52,12,0,57,54,58,66,69,123
2,0,8,44,1,3,53,10,0,58,52,55,62,68,121
1,0,11,43,0,3,52,12,0,56,54,57,66,68,122
2,0,8,46,1,3,54,9,0,59,54,57,63,68,123
1,0,9,41,1,3,57,11,0,61,50,53,61,72,123
1,0,7,44,0,3,55,11,0,59,51,54,62,70,121
1,0,6,50,1,3,46,15,0,50,56,59,71,65,122
1,0,10,44,1,3,53,10,0,57,54,57,64,67,122
1,0,11,42,0,4,55,11,0,60,53,57,64,71,124
1,0,10,45,0,5,52,11,0,58,55,60,66,69,124
1,0,7,49,1,4,53,9,0,58,56,60,65,67,124
1,0,9,51,0,5,47,10,0,53,60,65,70,63,123
4,0,11,39,1,5,56,9,0,65,50,55,59,74,125
1,0,8,52,0,4,50,9,0,55,60,64,69,64,124
2,0,8,48,0,4,53,8,0,59,56,60,64,67,123
0,0,9,52,1,2,43,14,0,45,61,63,75,59,121
1,0,7,46,0,5,45,19,0,51,53,58,72,70,123
1,0,0,50,1,1,57,12,0,59,50,51,62,71,122
0,0,0,47,0,3,56,16,0,59,47,50,63,75,122
1,0,8,44,1,2,53,13,0,56,52,54,65,69,122
1,0,9,47,1,3,51,10,0,55,56,59,66,65,122
1,0,7,41,1,2,54,16,0,57,48,50,64,73,122
1,0,11,49,1,2,47,11,0,50,60,62,71,61,122
1,0,6,52,1,1,47,14,0,49,58,59,72,63,122
1,0,7,46,0,4,51,14,0,56,53,57,67,70,123
1,0,8,47,0,2,53,10,0,56,55,57,65,66,121
1,0,7,52,1,2,50,10,0,53,59,61,69,63,123
1,0,7,50,0,4,49,11,0,54,57,61,68,65,122
2,0,11,49,1,3,44,13,0,49,60,63,73,62,123
2,0,6,47,0,3,55,9,0,60,53,56,62,69,122
0,0,10,48,1,3,51,10,0,54,58,61,68,64,123
1,0,6,51,0,4,46,16,0,51,57,61,73,67,124
1,0,8,45,1,3,54,11,0,58,53,56,64,69,123
1,0,9,48,1,2,50,10,0,53,57,59,67,63,121
1,0,8,51,0,3,48,11,0,52,59,62,70,63,122
2,0,8,47,1,1,54,8,0,57,55,56,63,65,121
1,0,0,55,1,2,50,12,0,53,55,57,67,65,121
1,0,9,47,1,5,52,10,0,58,56,61,66,68,125
1,0,9,47,0,3,50,11,0,54,56,59,67,65,121
1,0,9,43,1,4,52,14,0,57,52,56,66,71,124
1,0,13,45,0,4,49,11,0,54,58,62,69,65,123
1,0,0,52,0,2,56,9,0,59,52,54,61,68,120
1,0,10,43,1,3,52,12,0,56,53,56,65,68,122
2,0,12,41,1,3,50,12,0,55,53,56,65,67,121
1,0,7,46,0,3,53,10,0,57,53,56,63,67,120
1,0,8,43,0,5,54,14,0,60,51,56,65,74,125
0,0,8,48,0,4,51,12,0,55,56,60,68,67,123
1,0,9,43,0,2,55,10,0,58,52,54,62,68,120
1,0,9,47,0,4,55,7,0,60,56,60,63,67,123
1,0,7,48,1,5,51,9,0,57,55,60,64,66,122
1,0,0,53,0,3,52,12,0,56,53,56,65,68,121
1,0,8,47,0,4,53,10,0,58,55,59,65,68,123
1,0,10,47,0,3,47,14,0,51,57,60,71,65,122
0,0,11,44,1,2,52,12,0,54,55,57,67,66,122
1,0,10,48,0,2,49,10,0,52,58,60,68,62,120
1,0,7,50,1,4,50,10,0,55,57,61,67,65,123
1,0,10,45,1,1,50,14,0,52,55,56,69,66,122
1,0,10,47,1,3,53,9,0,57,57,60,66,66,124
1,0,0,54,1,3,56,9,0,60,54,57,63,69,124
1,0,9,46,1,4,54,10,0,59,55,59,65,69,125
1,0,0,51,0,4,59,8,0,64,51,55,59,72,123
1,0,7,53,0,4,47,10,0,52,60,64,70,62,122
1,0,8,49,0,5,51,11,0,57,57,62,68,68,125
1,0,8,41,1,2,60,9,0,63,49,51,58,72,122
1,0,8,44,1,3,51,13,0,55,52,55,65,68,121
2,0,0,50,1,1,58,9,0,61,50,51,59,70,121
1,0,8,44,1,4,50,13,0,55,52,56,65,68,121
1,0,0,57,1,4,52,9,0,57,57,61,66,66,124
1,0,10,42,1,2,58,8,0,61,52,54,60,69,122
2,0,11,44,0,4,47,14,0,53,55,59,69,67,122
1,0,8,49,0,4,50,9,0,55,57,61,66,64,121
1,0,9,45,0,3,52,12,0,56,54,57,66,68,122
1,0,0,54,1,2,53,11,0,56,54,56,65,67,122
1,0,8,44,1,3,55,11,0,59,52,55,63,70,123
1,0,9,44,0,2,49,16,0,52,53,55,69,68,121
2,0,8,50,1,2,50,9,0,54,58,60,67,63,122
0,0,0,54,0,1,52,13,0,53,54,55,67,66,120
1,0,0,50,1,3,51,15,0,55,50,53,65,70,121
1,0,7,49,1,1,51,12,0,53,56,57,68,65,122
1,0,10,43,1,3,54,10,0,58,53,56,63,68,122
1,0,7,48,0,5,49,13,0,55,55,60,68,68,123
0,0,9,50,1,3,48,11,0,51,59,62,70,62,122
1,0,9,44,1,3,56,9,0,60,53,56,62,69,123
0,0,11,45,1,3,51,11,0,54,56,59,67,65,122
0,0,10,45,0,3,51,13,0,54,55,58,68,67,122
0,0,9,47,0,3,53,9,0,56,56,59,65,65,121
1,0,9,52,1,2,46,10,0,49,61,63,71,59,121
0,0,10,45,1,3,54,10,0,57,55,58,65,67,123
2,0,8,49,0,3,49,11,0,54,57,60,68,65,122
1,0,7,51,0,3,50,11,0,54,58,61,69,65,123
1,0,8,47,0,4,52,11,0,57,55,59,66,68,123
2,0,10,42,0,4,54,11,0,60,52,56,63,71,123
1,0,8,47,0,2,49,14,0,52,55,57,69,66,121
0,0,9,45,0,3,51,13,0,54,54,57,67,67,121
1,0,7,41,1,3,58,10,0,62,48,51,58,72,121
1,0,7,50,0,6,54,8,0,61,57,63,65,69,126
1,0,7,48,0,3,55,7,0,59,55,58,62,66,121
2,0,9,45,1,3,54,7,0,59,54,57,61,66,121
1,0,0,51,0,3,55,12,0,59,51,54,63,71,122
1,0,7,50,1,3,47,13,0,51,57,60,70,64,122
1,0,10,49,0,1,48,11,0,50,59,60,70,61,120
1,0,0,56,0,3,47,14,0,51,56,59,70,65,121
1,0,13,43,0,1,52,11,0,54,56,57,67,65,121
1,0,8,42,0,3,55,11,0,59,50,53,61,70,120
1,0,9,44,1,3,54,12,0,58,53,56,65,70,124
0,0,9,46,0,4,50,13,0,54,55,59,68,67,122
2,0,8,49,1,3,49,9,0,54,57,60,66,63,121
1,0,10,42,0,3,52,14,0,56,52,55,66,70,122
1,0,8,46,1,4,55,10,0,60,54,58,64,70,125
0,0,9,44,0,4,54,12,0,58,53,57,65,70,123
1,0,8,49,0,5,47,13,0,53,57,62,70,66,123
1,0,9,47,1,5,50,12,0,56,56,61,68,68,125
4,0,6,50,0,3,49,9,0,56,56,59,65,65,121
1,0,12,44,0,2,53,10,0,56,56,58,66,66,122
1,0,9,47,1,5,45,18,0,51,56,61,74,69,126
1,0,7,45,1,4,56,10,0,61,52,56,62,71,124
1,0,9,50,0,2,50,9,0,53,59,61,68,62,121
2,0,9,45,0,2,52,10,0,56,54,56,64,66,120
1,0,6,48,0,4,55,7,0,60,54,58,61,67,121
1,0,6,49,0,3,54,7,0,58,55,58,62,65,120
1,0,9,48,1,3,53,7,0,57,57,60,64,64,122
1,0,9,47,0,3,52,10,0,56,56,59,66,66,122
1,0,8,48,0,3,49,11,0,53,56,59,67,64,120
0,0,12,43,1,2,50,14,0,52,55,57,69,66,122
0,0,13,43,0,3,52,11,0,55,56,59,67,66,122
0,0,8,46,0,2,53,11,0,55,54,56,65,66,120
1,0,7,53,0,2,48,10,0,51,60,62,70,61,121
1,0,9,50,0,2,50,8,0,53,59,61,67,61,120
0,0,9,46,0,2,53,10,0,55,55,57,65,65,120
1,0,6,49,1,3,51,12,0,55,55,58,67,67,123
0,0,11,41,0,6,56,11,0,62,52,58,63,73,125
1,0,7,48,0,4,50,14,0,55,55,59,69,69,124
0,0,8,45,0,3,55,11,0,58,53,56,64,69,122
1,0,0,54,1,4,53,9,0,58,54,58,63,67,122
1,0,8,44,1,4,49,15,0,54,52,56,67,69,122
1,0,0,55,0,4,55,9,0,60,55,59,64,69,124
1,0,8,45,0,2,55,11,0,58,53,55,64,69,122
1,0,0,61,0,4,47,10,0,52,61,65,71,62,123
1,0,7,46,1,3,47,17,0,51,53,56,70,68,122
1,0,6,53,1,2,49,10,0,52,59,61,69,62,122
1,0,6,53,1,3,46,13,0,50,59,62,72,63,123
1,0,7,51,0,4,44,14,0,49,58,62,72,63,121
0,0,10,46,0,2,52,11,0,54,56,58,67,65,121
1,0,10,45,0,5,53,11,0,59,55,60,66,70,125
1,0,10,49,1,3,48,12,0,52,59,62,71,64,124
1,0,6,48,0,3,54,8,0,58,54,57,62,66,120
1,0,0,56,1,2,51,11,0,54,56,58,67,65,122
0,0,11,40,1,4,52,16,0,56,51,55,67,72,124
0,0,6,47,0,4,54,11,0,58,53,57,64,69,122
1,0,7,50,1,3,47,13,0,51,57,60,70,64,122
0,0,9,42,1,3,58,10,0,61,51,54,61,71,123
0,0,9,47,1,6,53,9,0,59,56,62,65,68,125
1,0,7,51,1,4,51,9,0,56,58,62,67,65,124
0,0,7,50,1,3,46,14,0,49,57,60,71,63,121
2,0,0,53,1,5,52,12,0,59,53,58,65,71,125
0,0,9,48,1,3,52,10,0,55,57,60,67,65,123
1,0,9,44,1,3,54,10,0,58,53,56,63,68,122
1,0,7,51,1,4,45,14,0,50,58,62,72,64,123
1,0,13,46,0,1,49,11,0,51,59,60,70,62,121
1,0,7,48,0,2,52,12,0,55,55,57,67,67,122
1,0,7,45,1,2,55,10,0,58,52,54,62,68,121
1,0,10,46,0,4,49,12,0,54,56,60,68,66,122
1,0,0,53,0,5,54,8,0,60,53,58,61,68,121
1,0,8,47,0,4,55,9,0,60,55,59,64,69,124
1,0,7,49,0,3,50,11,0,54,56,59,67,65,121
2,0,7,46,0,3,51,11,0,56,53,56,64,67,120
0,0,0,52,0,2,55,11,0,57,52,54,63,68,120
1,0,7,52,0,4,48,10,0,53,59,63,69,63,122
1,0,0,48,0,3,57,13,0,61,48,51,61,74,122
0,0,8,45,1,3,52,13,0,55,53,56,66,68,122
1,0,8,48,1,4,49,11,0,54,56,60,67,65,122
3,0,0,51,1,5,54,11,0,62,51,56,62,73,125
1,0,9,51,1,3,46,11,0,50,60,63,71,61,122
1,0,8,48,1,5,52,9,0,58,56,61,65,67,124
1,0,6,50,0,3,50,10,0,54,56,59,66,64,120
0,0,9,47,0,4,53,9,0,57,56,60,65,66,122
1,0,10,43,1,4,48,17,0,53,53,57,70,70,124
3,0,7,41,0,2,54,14,0,59,48,50,62,73,121
0,0,9,48,1,4,53,10,0,57,57,61,67,67,125
0,0,7,50,0,4,52,9,0,56,57,61,66,65,122
0,0,9,47,0,3,52,9,0,55,56,59,65,64,120
1,0,8,47,0,3,53,10,0,57,55,58,65,67,122
1,0,7,45,0,3,48,18,0,52,52,55,70,70,122
1,0,8,46,1,2,51,13,0,54,54,56,67,67,122
1,0,7,45,1,3,56,10,0,60,52,55,62,70,123
1,0,10,40,0,1,59,10,0,61,50,51,60,71,121
1,0,12,40,0,2,57,8,0,60,52,54,60,68,120
1,0,10,43,1,2,55,10,0,58,53,55,63,68,122
1,0,7,51,0,5,48,11,0,54,58,63,69,65,123
1,0,7,53,1,2,50,7,0,53,60,62,67,60,121
1,0,7,48,1,4,53,10,0,58,55,59,65,68,124
0,0,0,55,0,2,51,12,0,53,55,57,67,65,120
1,0,7,53,0,3,47,12,0,51,60,63,72,63,123
1,0,10,48,0,3,49,11,0,53,58,61,69,64,122
1,0,10,47,1,3,47,13,0,51,57,60,70,64,122
1,0,9,49,0,3,47,12,0,51,58,61,70,63,121
1,0,9,48,0,3,49,13,0,53,57,60,70,66,123
1,0,11,43,0,2,53,12,0,56,54,56,66,68,122
1,0,10,47,0,2,51,11,0,54,57,59,68,65,122
1,0,9,48,1,5,48,13,0,54,57,62,70,67,125
1,0,9,45,1,3,50,14,0,54,54,57,68,68,123
1,0,10,46,1,2,53,9,0,56,56,58,65,65,122
2,0,8,50,0,3,49,9,0,54,58,61,67,63,121
2,0,8,44,0,2,56,9,0,60,52,54,61,69,121
1,0,0,51,0,2,57,10,0,60,51,53,61,70,121
9,0,9,41,1,0,50,11,0,59,50,50,61,70,121
1,0,9,42,1,3,58,10,0,62,51,54,61,72,124
0,0,0,53,1,3,56,10,0,59,53,56,63,69,123
1,0,8,46,0,4,52,11,0,57,54,58,65,68,122
1,0,7,49,1,3,52,11,0,56,56,59,67,67,124
1,0,9,46,0,3,55,6,0,59,55,58,61,65,120
1,0,6,48,0,4,52,12,0,57,54,58,66,69,123
1,0,7,45,0,4,56,8,0,61,52,56,60,69,121
1,0,0,50,0,4,57,10,0,62,50,54,60,72,122
1,0,9,50,0,2,48,11,0,51,59,61,70,62,121
0,0,7,48,1,1,54,10,0,55,55,56,65,65,121
1,0,8,45,1,3,50,14,0,54,53,56,67,68,122
1,0,9,50,1,3,49,9,0,53,59,62,68,62,122
1,0,12,46,1,3,48,10,0,52,58,61,68,62,121
1,0,8,47,1,1,52,11,0,54,55,56,66,65,121
1,0,7,46,1,3,50,15,0,54,53,56,68,69,123
1,0,9,47,1,4,47,14,0,52,56,60,70,66,123
1,0,8,47,1,3,53,9,0,57,55,58,64,66,122
1,0,0,57,1,4,54,8,0,59,57,61,65,67,125
0,0,7,50,0,3,47,13,0,50,57,60,70,63,120
1,0,9,45,0,4,51,11,0,56,54,58,65,67,121
1,0,12,44,1,5,51,10,0,57,56,61,66,67,124
1,0,8,50,0,2,49,11,0,52,58,60,69,63,121
1,0,11,44,1,6,51,12,0,58,55,61,67,70,126
1,0,8,45,1,3,51,12,0,55,53,56,65,67,121
1,0,7,49,1,3,52,8,0,56,56,59,64,64,121
1,0,8,48,0,3,49,12,0,53,56,59,68,65,121
1,0,7,47,1,3,55,9,0,59,54,57,63,68,123
0,0,9,52,1,3,51,6,0,54,61,64,67,60,122
1,0,8,47,1,2,51,12,0,54,55,57,67,66,122
1,0,8,52,1,1,46,13,0,48,60,61,73,61,122
0,0,6,51,0,2,52,9,0,54,57,59,66,63,120
0,0,0,51,0,3,51,17,0,54,51,54,68,71,122
0,0,0,54,0,2,53,11,0,55,54,56,65,66,120
1,0,7,48,1,4,51,12,0,56,55,59,67,68,124
1,0,7,50,0,4,46,12,0,51,57,61,69,63,120
1,0,0,52,0,3,58,8,0,62,52,55,60,70,122
1,0,0,51,0,2,58,8,0,61,51,53,59,69,120
1,0,7,50,0,3,52,7,0,56,57,60,64,63,120
1,0,8,45,2,3,51,13,0,55,53,56,66,68,123
1,0,10,46,1,0,52,11,0,53,56,56,67,64,121
1,0,10,44,0,4,53,10,0,58,54,58,64,68,122
1,0,7,49,1,5,54,8,0,60,56,61,64,68,125
1,0,8,50,1,4,48,12,0,53,58,62,70,65,124
2,0,9,44,0,3,52,12,0,57,53,56,65,69,122
1,0,9,49,1,4,48,11,0,53,58,62,69,64,123
0,0,12,47,0,4,44,16,0,48,59,63,75,64,123
1,0,7,48,0,2,52,10,0,55,55,57,65,65,120
1,0,0,59,1,3,48,9,0,52,59,62,68,61,121
1,0,9,44,1,4,54,11,0,59,53,57,64,70,124
1,0,9,47,1,0,54,10,0,55,56,56,66,65,122
2,0,8,48,1,2,48,12,0,52,56,58,68,64,121
1,0,9,46,0,3,53,10,0,57,55,58,65,67,122
1,0,0,52,1,3,56,9,0,60,52,55,61,69,122
5,0,10,42,1,5,51,11,0,61,52,57,63,72,125
2,0,0,53,0,3,53,9,0,58,53,56,62,67,120
1,0,8,48,1,3,53,8,0,57,56,59,64,65,122
1,0,6,49,0,1,54,10,0,56,55,56,65,66,121
3,0,8,42,0,4,54,10,0,61,50,54,60,71,121
1,0,6,49,1,2,50,12,0,53,55,57,67,65,121
1,0,10,44,1,5,47,15,0,53,54,59,69,68,123
1,0,11,50,0,3,42,14,0,46,61,64,75,60,121
1,0,8,51,1,4,47,11,0,52,59,63,70,63,123
1,0,7,50,0,2,49,13,0,52,57,59,70,65,122
1,0,11,47,1,2,50,9,0,53,58,60,67,62,121
1,0,9,49,0,4,49,11,0,54,58,62,69,65,123
1,0,6,52,1,3,47,13,0,51,58,61,71,64,123
1,0,9,45,0,3,55,9,0,59,54,57,63,68,122
0,0,8,50,0,5,48,13,0,53,58,63,71,66,124
1,0,8,47,1,2,52,11,0,55,55,57,66,66,122
1,0,9,48,1,3,50,10,0,54,57,60,67,64,122
1,0,0,51,0,4,54,12,0,59,51,55,63,71,122
1,0,8,48,1,3,50,10,0,54,56,59,66,64,121
1,0,0,52,0,4,49,17,0,54,52,56,69,71,123
0,0,10,45,1,2,54,9,0,56,55,57,64,65,121
1,0,10,50,0,3,48,9,0,52,60,63,69,61,121
1,0,6,48,1,3,51,12,0,55,54,57,66,67,122
1,0,7,48,1,5,53,10,0,59,55,60,65,69,125
1,0,8,49,0,2,51,10,0,54,57,59,67,64,121
1,0,0,51,0,3,50,16,0,54,51,54,67,70,121
1,0,7,48,0,3,50,12,0,54,55,58,67,66,121
0,0,10,43,1,3,53,13,0,56,53,56,66,69,123
0,0,8,49,0,2,51,10,0,53,57,59,67,63,120
0,0,12,45,1,4,49,12,0,53,57,61,69,65,123
0,0,10,45,0,2,52,12,0,54,55,57,67,66,121
1,0,8,47,1,4,46,15,0,51,55,59,70,66,122
1,0,7,52,0,3,48,10,0,52,59,62,69,62,121
1,0,11,46,1,3,49,13,0,53,57,60,70,66,124
1,0,8,47,1,1,49,14,0,51,55,56,69,65,121
1,0,11,43,1,3,53,11,0,57,54,57,65,68,123
2,0,9,46,1,4,52,10,0,58,55,59,65,68,124
0,0,8,48,1,2,53,10,0,55,56,58,66,65,122
1,0,8,45,0,2,56,10,0,59,53,55,63,69,122
1,0,9,43,1,3,57,8,0,61,52,55,60,69,122
1,0,12,46,0,2,51,10,0,54,58,60,68,64,122
2,0,0,53,1,1,52,12,0,55,53,54,65,67,121
1,0,11,42,0,3,53,12,0,57,53,56,65,69,122
1,0,6,44,0,3,53,13,0,57,50,53,63,70,120
0,0,8,43,0,3,52,15,0,55,51,54,66,70,121
1,0,9,49,0,3,46,14,0,50,58,61,72,64,122
1,0,7,46,1,4,52,11,0,57,53,57,64,68,122
0,0,11,48,0,5,49,11,0,54,59,64,70,65,124
0,0,11,45,1,3,53,8,0,56,56,59,64,64,121
1,0,12,42,0,3,52,11,0,56,54,57,65,67,121
1,0,6,50,1,3,49,12,0,53,56,59,68,65,122
0,0,0,51,1,2,59,8,0,61,51,53,59,69,121
1,0,8,47,0,5,46,14,0,52,55,60,69,66,121
0,0,9,51,0,4,45,14,0,49,60,64,74,63,123
1,0,10,46,0,2,51,11,0,54,56,58,67,65,121
0,0,7,51,1,2,50,10,0,52,58,60,68,62,121
3,0,6,47,1,4,52,10,0,59,53,57,63,69,123
1,0,9,50,1,3,46,13,0,50,59,62,72,63,123
1,0,0,54,1,5,51,12,0,57,54,59,66,69,124
1,0,13,44,0,2,51,9,0,54,57,59,66,63,120
1,0,8,50,0,3,50,11,0,54,58,61,69,65,123
1,0,7,47,0,3,50,13,0,54,54,57,67,67,121
1,0,8,46,1,4,54,11,0,59,54,58,65,70,125
2,0,8,49,1,4,51,9,0,57,57,61,66,66,124
1,0,9,49,0,2,51,9,0,54,58,60,67,63,121
1,0,9,47,1,2,49,12,0,52,56,58,68,64,121
1,0,10,44,1,2,53,11,0,56,54,56,65,67,122
1,0,8,47,0,4,50,14,0,55,55,59,69,69,124
0,0,9,45,1,3,57,8,0,60,54,57,62,68,123
0,0,12,40,0,4,53,14,0,57,52,56,66,71,123
1,0,7,46,0,2,55,9,0,58,53,55,62,67,120
1,0,8,48,0,0,53,11,0,54,56,56,67,65,121
1,0,8,46,1,2,53,10,0,56,54,56,64,66,121
1,0,8,47,0,3,50,12,0,54,55,58,67,66,121
1,0,0,54,1,2,52,12,0,55,54,56,66,67,122
0,0,6,49,0,2,56,7,0,58,55,57,62,65,120
1,0,7,49,1,4,54,8,0,59,56,60,64,67,124
1,0,6,47,0,1,50,15,0,52,53,54,68,67,120
1,0,11,43,0,3,53,11,0,57,54,57,65,68,122
1,0,7,52,1,3,49,10,0,53,59,62,69,63,123
0,0,10,46,0,2,47,15,0,49,56,58,71,64,120
0,0,9,44,1,3,55,9,0,58,53,56,62,67,121
1,0,7,49,0,3,51,12,0,55,56,59,68,67,123
1,0,8,51,0,3,49,11,0,53,59,62,70,64,123
0,0,7,45,1,4,54,12,0,58,52,56,64,70,123
3,0,8,49,1,1,48,11,0,52,57,58,68,63,121
1,0,0,51,1,5,53,11,0,59,51,56,62,70,122
1,0,11,47,0,3,49,10,0,53,58,61,68,63,121
1,0,7,46,1,3,54,10,0,58,53,56,63,68,122
1,0,8,50,0,3,47,11,0,51,58,61,69,62,120
2,0,7,52,1,2,48,11,0,52,59,61,70,63,123
1,0,7,53,0,5,49,8,0,55,60,65,68,63,123
1,0,10,47,0,4,50,11,0,55,57,61,68,66,123
1,0,0,55,0,3,54,10,0,58,55,58,65,68,123
1,0,12,45,1,4,47,13,0,52,57,61,70,65,123
4,0,8,45,1,2,53,8,0,59,53,55,61,67,121
0,0,10,43,0,3,55,10,0,58,53,56,63,68,121
1,0,7,52,1,3,50,7,0,54,59,62,66,61,121
1,0,10,45,0,4,49,12,0,54,55,59,67,66,121
2,0,10,46,0,3,48,13,0,53,56,59,69,66,122
1,0,10,49,1,4,49,11,0,54,59,63,70,65,125
1,0,6,45,1,4,53,13,0,58,51,55,64,71,123
1,0,0,49,1,2,56,13,0,59,49,51,62,72,122
1,0,8,42,1,1,55,13,0,57,50,51,63,70,121
1,0,9,43,0,4,54,9,0,59,52,56,61,68,120
1,0,9,43,1,4,55,11,0,60,52,56,63,71,124
1,0,9,45,1,4,53,12,0,58,54,58,66,70,125
1,0,7,53,1,4,48,10,0,53,60,64,70,63,124
1,0,9,48,0,3,50,12,0,54,57,60,69,66,123
1,0,8,48,0,2,52,10,0,55,56,58,66,65,121
1,0,10,48,0,4,50,10,0,55,58,62,68,65,123
0,0,7,46,0,4,54,12,0,58,53,57,65,70,123
1,0,10,39,0,3,57,12,0,61,49,52,61,73,122
1,0,7,46,1,4,48,14,0,53,53,57,67,67,121
1,0,9,49,0,3,49,11,0,53,58,61,69,64,122
1,0,10,46,0,4,51,11,0,56,56,60,67,67,123
1,0,9,44,0,2,50,14,0,53,53,55,67,67,120
1,0,10,46,1,3,52,10,0,56,56,59,66,66,123
0,0,6,48,1,2,56,8,0,58,54,56,62,66,121
2,0,10,43,1,3,54,10,0,59,53,56,63,69,123
1,0,10,43,1,2,57,10,0,60,53,55,63,70,124
1,0,6,44,0,3,54,12,0,58,50,53,62,70,120
1,0,6,50,1,4,52,9,0,57,56,60,65,66,123
1,0,9,45,0,3,55,8,0,59,54,57,62,67,121
1,0,10,44,0,3,52,13,0,56,54,57,67,69,123
0,0,7,45,1,4,54,13,0,58,52,56,65,71,124
1,0,0,52,0,2,55,11,0,58,52,54,63,69,121
1,0,0,53,0,4,55,10,0,60,53,57,63,70,123
0,0,8,50,1,0,53,9,0,53,58,58,67,62,121
0,0,11,46,1,1,52,10,0,53,57,58,67,63,121
1,0,9,41,0,4,53,14,0,58,50,54,64,72,122
2,0,10,47,1,3,49,11,0,54,57,60,68,65,123
2,0,10,40,0,3,53,15,0,58,50,53,65,73,123
1,0,8,46,0,3,51,13,0,55,54,57,67,68,122
1,0,9,42,0,5,58,9,0,64,51,56,60,73,124
1,0,0,54,0,3,53,11,0,57,54,57,65,68,122
0,0,7,47,1,3,54,11,0,57,54,57,65,68,123
1,0,9,47,1,4,55,7,0,60,56,60,63,67,124
1,0,9,45,1,3,50,13,0,54,54,57,67,67,122
1,0,6,50,1,5,51,11,0,57,56,61,67,68,125
1,0,11,45,0,2,56,7,0,59,56,58,63,66,122
1,0,10,45,1,0,51,14,0,52,55,55,69,66,122
0,0,6,52,0,2,51,9,0,53,58,60,67,62,120
0,0,7,45,0,3,54,13,0,57,52,55,65,70,122
1,0,12,49,1,2,49,8,0,52,61,63,69,60,122
0,0,7,47,1,4,52,13,0,56,54,58,67,69,124
1,0,10,46,1,4,47,13,0,52,56,60,69,65,122
1,0,0,56,0,4,50,9,0,55,56,60,65,64,120
3,0,8,45,0,2,55,8,0,60,53,55,61,68,121
1,0,7,51,1,3,47,14,0,51,58,61,72,65,124
1,0,7,53,0,3,48,9,0,52,60,63,69,61,121
1,0,0,55,0,3,51,11,0,55,55,58,66,66,121
1,0,0,55,1,4,52,11,0,57,55,59,66,68,124
1,0,8,43,0,3,53,14,0,57,51,54,65,71,122
0,0,0,52,1,2,56,11,0,58,52,54,63,69,122
2,0,8,48,1,3,49,10,0,54,56,59,66,64,121
1,0,0,51,1,3,59,8,0,63,51,54,59,71,123
1,0,8,44,1,3,57,9,0,61,52,55,61,70,123
0,0,8,48,0,5,55,8,0,60,56,61,64,68,124
1,0,7,50,1,3,54,8,0,58,57,60,65,66,124
0,0,8,49,1,3,48,13,0,51,57,60,70,64,122
1,0,7,50,0,4,52,8,0,57,57,61,65,65,122
1,0,11,44,1,3,51,11,0,55,55,58,66,66,122
1,0,8,51,0,1,50,10,0,52,59,60,69,62,121
1,0,10,41,0,4,54,13,0,59,51,55,64,72,123
1,0,7,50,0,3,48,11,0,52,57,60,68,63,120
1,0,7,49,1,4,50,12,0,55,56,60,68,67,124
1,0,8,46,0,3,50,15,0,54,54,57,69,69,123
1,0,7,47,0,1,58,7,0,60,54,55,61,67,121
2,0,7,51,1,3,46,12,0,51,58,61,70,63,122
1,0,8,47,1,3,52,11,0,56,55,58,66,67,123
3,0,8,51,1,2,47,10,0,52,59,61,69,62,122
0,0,9,49,1,2,51,10,0,53,58,60,68,63,122
1,0,10,45,0,1,51,12,0,53,55,56,67,65,120
1,0,10,45,1,4,50,14,0,55,55,59,69,69,125
1,0,9,46,1,5,50,12,0,56,55,60,67,68,124
0,0,8,42,1,2,51,17,0,53,50,52,67,70,121
0,0,8,48,1,5,53,8,0,58,56,61,64,66,123
1,0,12,47,1,2,47,11,0,50,59,61,70,61,121
1,0,8,46,0,6,54,10,0,61,54,60,64,71,125
0,0,11,49,1,3,43,15,0,46,60,63,75,61,122
1,0,7,48,0,3,50,13,0,54,55,58,68,67,122
1,0,8,45,1,4,52,12,0,57,53,57,65,69,123
0,0,11,43,1,5,54,11,0,59,54,59,65,70,125
2,0,7,41,1,2,57,12,0,61,48,50,60,73,122
1,0,9,47,1,3,53,8,0,57,56,59,64,65,122
0,0,6,45,1,4,58,8,0,62,51,55,59,70,122
2,0,8,50,0,1,49,10,0,52,58,59,68,62,120
3,0,8,46,0,3,52,9,0,58,54,57,63,67,121
1,0,6,51,0,2,50,10,0,53,57,59,67,63,120
1,0,9,46,0,2,51,12,0,54,55,57,67,66,121
1,0,6,54,1,3,44,13,0,48,60,63,73,61,122
1,0,10,45,0,3,49,12,0,53,55,58,67,65,120
1,0,10,46,1,3,53,9,0,57,56,59,65,66,123
0,0,0,53,1,3,56,10,0,59,53,56,63,69,123
1,0,8,46,1,3,52,13,0,56,54,57,67,69,124
1,0,6,44,0,6,51,18,0,58,50,56,68,76,126
1,0,7,44,0,3,54,13,0,58,51,54,64,71,122
1,0,7,50,0,4,48,10,0,53,57,61,67,63,120
1,0,6,50,0,2,51,10,0,54,56,58,66,64,120
1,0,9,42,0,3,51,16,0,55,51,54,67,71,122
2,0,7,52,1,3,48,8,0,53,59,62,67,61,121
0,0,9,42,1,5,54,13,0,59,51,56,64,72,124
0,0,10,47,1,5,52,10,0,57,57,62,67,67,125
1,0,7,51,1,4,49,11,0,54,58,62,69,65,124
1,0,9,45,0,2,56,8,0,59,54,56,62,67,121
1,0,8,48,0,3,52,10,0,56,56,59,66,66,122
1,0,13,46,0,3,43,15,0,47,59,62,74,62,121
1,0,8,48,1,2,48,13,0,51,56,58,69,64,121
0,0,9,47,1,3,49,13,0,52,56,59,69,65,122
1,0,9,48,1,2,47,14,0,50,57,59,71,64,122
1,0,12,43,0,4,46,16,0,51,55,59,71,67,122
2,0,0,52,1,3,54,9,0,59,52,55,61,68,121
0,0,7,47,1,5,52,13,0,57,54,59,67,70,125
1,0,6,49,0,4,52,10,0,57,55,59,65,67,122
1,0,6,49,1,4,48,12,0,53,55,59,67,65,121
1,0,10,47,0,4,48,12,0,53,57,61,69,65,122
1,0,8,50,1,3,48,11,0,52,58,61,69,63,122
3,0,8,46,1,2,51,10,0,56,54,56,64,66,121
1,0,8,48,1,4,51,10,0,56,56,60,66,66,123
0,0,7,48,1,5,53,11,0,58,55,60,66,69,125
1,0,9,47,1,4,51,9,0,56,56,60,65,65,122
1,0,12,43,0,3,49,14,0,53,55,58,69,67,122
3,0,6,50,0,3,51,8,0,57,56,59,64,65,121
1,0,8,47,0,3,50,12,0,54,55,58,67,66,121
2,0,11,46,1,2,48,12,0,52,57,59,69,64,122
1,0,9,45,0,4,49,15,0,54,54,58,69,69,123
0,0,0,50,1,4,56,12,0,60,50,54,62,72,123
1,0,8,47,1,4,52,11,0,57,55,59,66,68,124
1,0,10,46,0,3,51,12,0,55,56,59,68,67,123
1,0,8,46,0,5,48,15,0,54,54,59,69,69,123
1,0,6,51,0,3,51,10,0,55,57,60,67,65,122
1,0,8,43,0,3,52,15,0,56,51,54,66,71,122
1,0,12,42,1,2,51,13,0,54,54,56,67,67,122
0,0,11,45,0,2,48,15,0,50,56,58,71,65,121
1,0,9,43,0,5,57,9,0,63,52,57,61,72,124
1,0,7,50,0,1,48,13,0,50,57,58,70,63,120
0,0,7,48,0,3,51,12,0,54,55,58,67,66,121
1,0,9,49,0,3,48,12,0,52,58,61,70,64,122
0,0,9,48,1,2,47,15,0,49,57,59,72,64,122
0,0,7,45,0,5,54,12,0,59,52,57,64,71,123
0,0,16,44,0,3,46,12,0,49,60,63,72,61,121
2,0,8,44,0,2,56,8,0,60,52,54,60,68,120
1,0,10,46,0,2,50,12,0,53,56,58,68,65,121
1,0,7,47,1,2,55,8,0,58,54,56,62,66,121
1,0,6,51,1,4,48,13,0,53,57,61,70,66,124
2,0,8,46,0,4,51,12,0,57,54,58,66,69,123
0,0,7,49,1,3,50,11,0,53,56,59,67,64,121
1,0,7,47,1,1,53,11,0,55,54,55,65,66,121
0,0,8,50,1,3,41,19,0,44,58,61,77,63,122
1,0,0,56,1,4,52,11,0,57,56,60,67,68,125
0,0,9,49,1,1,45,16,0,46,58,59,74,62,121
1,0,7,50,0,2,52,10,0,55,57,59,67,65,122
0,0,0,48,1,1,56,15,0,57,48,49,63,72,121
1,0,9,43,1,2,57,9,0,60,52,54,61,69,122
4,0,7,48,0,3,51,9,0,58,55,58,64,67,122
1,0,10,47,1,3,47,13,0,51,57,60,70,64,122
1,0,11,41,1,2,56,10,0,59,52,54,62,69,122
1,0,7,52,0,4,48,12,0,53,59,63,71,65,124
1,0,8,54,0,3,47,9,0,51,62,65,71,60,122
1,0,6,52,1,4,48,12,0,53,58,62,70,65,124
1,0,8,49,0,3,55,6,0,59,57,60,63,65,122
0,0,7,52,0,3,48,10,0,51,59,62,69,61,120
1,0,8,46,0,4,50,14,0,55,54,58,68,69,123
1,0,9,52,1,2,47,9,0,50,61,63,70,59,121
1,0,8,51,1,2,49,11,0,52,59,61,70,63,123
0,0,13,47,0,2,52,7,0,54,60,62,67,61,121
1,0,7,51,1,2,48,12,0,51,58,60,70,63,122
1,0,0,54,1,1,54,10,0,56,54,55,64,66,121
1,0,8,47,0,2,53,9,0,56,55,57,64,65,120
1,0,10,50,0,4,49,9,0,54,60,64,69,63,123
1,0,7,48,1,4,53,10,0,58,55,59,65,68,124
2,0,9,51,1,4,49,8,0,55,60,64,68,63,124
2,0,11,47,0,2,50,8,0,54,58,60,66,62,120
2,0,9,42,1,1,55,11,0,58,51,52,62,69,121
0,0,9,48,1,2,53,9,0,55,57,59,66,64,122
1,0,9,46,1,5,51,10,0,57,55,60,65,67,123
1,0,9,47,0,1,50,13,0,52,56,57,69,65,121
1,0,8,44,0,3,54,13,0,58,52,55,65,71,123
0,0,0,52,0,2,53,13,0,55,52,54,65,68,120
2,0,12,45,1,2,50,9,0,54,57,59,66,63,121
1,0,8,47,1,2,50,12,0,53,55,57,67,65,121
1,0,8,47,0,5,54,9,0,60,55,60,64,69,124
1,0,10,40,1,4,58,10,0,63,50,54,60,73,124
1,0,8,47,0,3,53,10,0,57,55,58,65,67,122
0,0,13,46,1,1,51,9,0,52,59,60,68,61,121
0,0,8,49,0,4,47,15,0,51,57,61,72,66,123
1,0,6,51,1,2,51,10,0,54,57,59,67,64,122
0,0,8,52,1,5,50,9,0,55,60,65,69,64,125
1,0,8,48,1,3,52,10,0,56,56,59,66,66,123
1,0,11,43,1,3,51,13,0,55,54,57,67,68,123
1,0,12,44,1,3,48,14,0,52,56,59,70,66,123
1,0,8,48,1,2,49,11,0,52,56,58,67,63,120
1,0,7,48,0,3,53,8,0,57,55,58,63,65,120
1,0,0,50,0,2,55,12,0,58,50,52,62,70,120
1,0,8,44,1,4,53,13,0,58,52,56,65,71,124
0,0,9,47,1,3,47,15,0,50,56,59,71,65,122
1,0,7,47,1,3,54,11,0,58,54,57,65,69,124
0,0,9,50,1,3,49,11,0,52,59,62,70,63,123
1,0,9,46,0,3,52,11,0,56,55,58,66,67,122
1,0,12,39,1,6,52,15,0,59,51,57,66,74,126
1,0,13,41,0,5,52,12,0,58,54,59,66,70,124
1,0,8,45,1,6,53,12,0,60,53,59,65,72,126
1,0,8,54,1,3,46,11,0,50,62,65,73,61,124
1,0,9,42,1,3,53,13,0,57,51,54,64,70,122
1,0,7,48,1,2,52,11,0,55,55,57,66,66,122
1,0,9,44,0,4,53,12,0,58,53,57,65,70,123
1,0,6,47,1,4,53,12,0,58,53,57,65,70,124
2,0,7,50,0,3,49,10,0,54,57,60,67,64,121
1,0,8,48,1,2,52,10,0,55,56,58,66,65,122
1,0,10,48,0,2,49,12,0,52,58,60,70,64,122
0,0,9,47,1,3,52,10,0,55,56,59,66,65,122
0,0,10,44,0,2,55,9,0,57,54,56,63,66,120
1,0,7,48,0,3,50,13,0,54,55,58,68,67,122
1,0,9,47,0,3,51,9,0,55,56,59,65,64,120
1,0,9,49,1,3,51,10,0,55,58,61,68,65,124
1,0,6,47,1,4,54,12,0,59,53,57,65,71,125
1,0,6,48,0,4,52,10,0,57,54,58,64,67,121
1,0,11,46,1,3,51,10,0,55,57,60,67,65,123
1,0,8,46,0,2,52,11,0,55,54,56,65,66,120
0,0,9,49,1,2,50,11,0,52,58,60,69,63,122
0,0,10,45,1,5,52,12,0,57,55,60,67,69,125
0,0,7,53,0,2,45,14,0,47,60,62,74,61,121
1,0,8,51,1,5,49,11,0,55,59,64,70,66,126
0,0,8,49,1,4,50,11,0,54,57,61,68,65,123
1,0,9,47,0,5,52,11,0,58,56,61,67,69,125
1,0,7,48,1,4,53,11,0,58,55,59,66,69,125
1,0,10,47,0,2,48,14,0,51,57,59,71,65,122
3,0,10,47,1,2,49,9,0,54,57,59,66,63,121
1,0,6,56,0,3,42,13,0,46,62,65,75,59,121
1,0,7,51,1,3,46,13,0,50,58,61,71,63,122
1,0,11,47,1,3,44,16,0,48,58,61,74,64,123
1,0,6,50,1,4,48,14,0,53,56,60,70,67,124
1,0,7,48,1,3,53,10,0,57,55,58,65,67,123
1,0,9,46,1,4,49,15,0,54,55,59,70,69,125
1,0,8,47,0,3,54,8,0,58,55,58,63,66,121
1,0,8,43,1,4,54,10,0,59,51,55,61,69,121
1,0,10,48,0,4,45,16,0,50,58,62,74,66,124
2,0,9,43,1,1,58,7,0,61,52,53,59,68,121
0,0,9,44,1,3,55,11,0,58,53,56,64,69,123
1,0,9,50,1,1,47,13,0,49,59,60,72,62,122
1,0,7,47,0,3,52,12,0,56,54,57,66,68,122
1,0,9,47,1,2,51,12,0,54,56,58,68,66,123
1,0,8,48,1,3,49,14,0,53,56,59,70,67,124
1,0,9,43,0,4,57,9,0,62,52,56,61,71,123
1,0,8,50,0,2,47,13,0,50,58,60,71,63,121
2,0,0,54,0,3,52,10,0,57,54,57,64,67,121
1,0,10,43,1,4,54,11,0,59,53,57,64,70,124
1,0,7,50,0,4,51,8,0,56,57,61,65,64,121
1,0,11,40,1,4,55,10,0,60,51,55,61,70,122
1,0,8,45,0,3,56,10,0,60,53,56,63,70,123
1,0,7,47,1,3,51,12,0,55,54,57,66,67,122
1,0,11,45,1,2,52,10,0,55,56,58,66,65,122
1,0,0,55,0,5,49,11,0,55,55,60,66,66,121
2,0,11,46,0,5,49,9,0,56,57,62,66,65,122
0,0,8,51,1,5,50,10,0,55,59,64,69,65,125
1,0,8,51,1,2,49,9,0,52,59,61,68,61,121
0,0,8,50,1,2,46,15,0,48,58,60,73,63,122
1,0,9,45,1,4,51,10,0,56,54,58,64,66,121
1,0,8,50,0,2,47,14,0,50,58,60,72,64,122
1,0,7,48,1,2,54,9,0,57,55,57,64,66,122
1,0,7,50,0,3,54,7,0,58,57,60,64,65,122
1,0,8,50,0,3,47,13,0,51,58,61,71,64,122
1,0,9,46,1,2,51,12,0,54,55,57,67,66,122
1,0,9,47,1,5,51,10,0,57,56,61,66,67,124
0,0,8,52,1,4,49,10,0,53,60,64,70,63,124
1,0,7,53,1,5,45,13,0,51,60,65,73,64,125
1,0,8,43,1,2,53,13,0,56,51,53,64,69,121
1,0,6,49,0,4,52,10,0,57,55,59,65,67,122
1,0,7,50,0,4,50,11,0,55,57,61,68,66,123
1,0,8,49,1,2,52,8,0,55,57,59,65,63,121
1,0,9,45,1,1,52,12,0,54,54,55,66,66,121
1,0,7,49,0,4,49,14,0,54,56,60,70,68,124
1,0,9,41,0,3,55,11,0,59,50,53,61,70,120
2,0,10,43,0,3,52,10,0,57,53,56,63,67,120
0,0,0,53,0,4,51,12,0,55,53,57,65,67,120
1,0,7,52,0,2,49,10,0,52,59,61,69,62,121
1,0,7,49,1,4,51,11,0,56,56,60,67,67,124
1,0,10,45,1,2,49,13,0,52,55,57,68,65,121
2,0,9,45,1,5,54,9,0,61,54,59,63,70,125
1,0,7,50,1,4,48,11,0,53,57,61,68,64,122
1,0,8,48,1,3,52,9,0,56,56,59,65,65,122
1,0,7,41,0,2,57,12,0,60,48,50,60,72,120
1,0,6,51,1,2,51,10,0,54,57,59,67,64,122
0,0,8,52,0,2,44,14,0,46,60,62,74,60,120
1,0,7,54,1,4,43,15,0,48,61,65,76,63,125
1,0,0,51,0,2,55,11,0,58,51,53,62,69,120
1,0,8,40,1,4,60,10,0,65,48,52,58,75,124
2,0,13,45,1,4,47,12,0,53,58,62,70,65,124
2,0,8,45,1,3,49,15,0,54,53,56,68,69,123
1,0,9,43,1,3,55,12,0,59,52,55,64,71,124
1,0,7,51,0,4,49,11,0,54,58,62,69,65,123
1,0,7,49,1,4,48,14,0,53,56,60,70,67,124
1,0,7,48,0,4,50,13,0,55,55,59,68,68,123
0,0,6,46,1,4,55,12,0,59,52,56,64,71,124
1,0,9,43,1,4,52,14,0,57,52,56,66,71,124
0,0,7,47,0,1,55,10,0,56,54,55,64,66,120
1,0,9,47,0,4,53,8,0,58,56,60,64,66,122
1,0,7,54,1,4,47,10,0,52,61,65,71,62,124
0,0,8,48,0,4,49,13,0,53,56,60,69,66,122
0,0,9,52,1,2,47,11,0,49,61,63,72,60,122
0,0,8,53,0,4,45,12,0,49,61,65,73,61,122
0,0,6,55,0,5,48,10,0,53,61,66,71,63,124
1,0,8,49,0,5,52,9,0,58,57,62,66,67,124
1,0,9,46,0,3,54,9,0,58,55,58,64,67,122
1,0,0,51,0,2,56,11,0,59,51,53,62,70,121
0,0,7,48,0,3,52,11,0,55,55,58,66,66,121
2,0,7,44,0,2,56,9,0,60,51,53,60,69,120
1,0,8,46,0,4,53,11,0,58,54,58,65,69,123
1,0,10,42,1,3,56,9,0,60,52,55,61,69,122
1,0,7,46,1,2,52,12,0,55,53,55,65,67,121
1,0,9,41,0,4,59,8,0,64,50,54,58,72,122
0,0,7,50,1,3,52,10,0,55,57,60,67,65,123
1,0,9,47,0,2,56,7,0,59,56,58,63,66,122
1,0,7,48,0,2,52,10,0,55,55,57,65,65,120
1,0,7,49,0,2,53,9,0,56,56,58,65,65,121
0,0,8,43,0,2,57,10,0,59,51,53,61,69,120
1,0,7,46,1,5,52,11,0,58,53,58,64,69,123
1,0,10,45,1,3,51,11,0,55,55,58,66,66,122
1,0,8,48,1,0,55,8,0,56,56,56,64,64,121
0,0,9,48,0,4,49,11,0,53,57,61,68,64,121
0,0,8,49,1,3,52,9,0,55,57,60,66,64,122
1,0,7,47,1,4,53,11,0,58,54,58,65,69,124
1,0,6,47,1,4,50,12,0,55,53,57,65,67,121
1,0,8,43,0,2,51,16,0,54,51,53,67,70,121
1,0,7,44,1,3,53,12,0,57,51,54,63,69,121
1,0,7,42,1,2,56,12,0,59,49,51,61,71,121
1,0,9,46,0,3,49,12,0,53,55,58,67,65,120
1,0,8,49,0,5,48,10,0,54,57,62,67,64,121
1,0,8,49,0,3,49,11,0,53,57,60,68,64,121
1,0,8,46,0,3,51,11,0,55,54,57,65,66,120
2,0,9,48,1,1,52,8,0,55,57,58,65,63,121
1,0,0,55,0,3,51,12,0,55,55,58,67,67,122
2,0,6,45,1,4,54,12,0,60,51,55,63,72,124
1,0,7,46,0,4,52,14,0,57,53,57,67,71,124
1,0,7,47,0,4,52,13,0,57,54,58,67,70,124
1,0,9,48,1,3,48,13,0,52,57,60,70,65,123
0,0,6,51,1,5,52,9,0,57,57,62,66,66,124
1,0,8,49,0,5,54,8,0,60,57,62,65,68,125
1,0,9,48,1,1,50,12,0,52,57,58,69,64,122
1,0,10,45,0,2,51,13,0,54,55,57,68,67,122
0,0,0,56,0,5,48,11,0,53,56,61,67,64,120
2,0,10,44,1,5,55,8,0,62,54,59,62,70,125
0,0,7,48,0,1,53,11,0,54,55,56,66,65,120
3,0,11,44,1,4,51,10,0,58,55,59,65,68,124
1,0,7,50,1,2,48,13,0,51,57,59,70,64,122
1,0,10,46,1,2,54,9,0,57,56,58,65,66,123
0,0,11,48,0,4,51,8,0,55,59,63,67,63,122
2,0,9,49,0,0,52,8,0,54,58,58,66,62,120
1,0,10,46,1,4,49,13,0,54,56,60,69,67,124
1,0,7,49,0,2,48,13,0,51,56,58,69,64,120
1,0,6,52,1,0,52,9,0,53,58,58,67,62,121
0,0,0,53,1,3,52,12,0,55,53,56,65,67,121
1,0,7,52,1,4,46,10,0,51,59,63,69,61,121
1,0,10,48,0,2,50,9,0,53,58,60,67,62,120
1,0,11,51,1,3,45,10,0,49,62,65,72,59,122
1,0,0,51,0,4,51,16,0,56,51,55,67,72,123
1,0,8,49,0,3,51,9,0,55,57,60,66,64,121
1,0,10,39,1,2,56,12,0,59,49,51,61,71,121
2,0,10,48,1,3,44,13,0,49,58,61,71,62,121
1,0,8,50,1,4,46,14,0,51,58,62,72,65,124
1,0,11,46,0,2,51,9,0,54,57,59,66,63,120
0,0,9,45,1,2,50,15,0,52,54,56,69,67,122
3,0,11,40,0,4,53,9,0,60,51,55,60,69,120
1,0,7,49,0,3,55,8,0,59,56,59,64,67,123
1,0,8,50,1,2,46,13,0,49,58,60,71,62,121
1,0,11,44,1,6,52,12,0,59,55,61,67,71,127
1,0,8,45,1,2,55,11,0,58,53,55,64,69,123
0,0,7,49,0,3,54,9,0,57,56,59,65,66,122
1,0,9,47,1,3,50,12,0,54,56,59,68,66,123
1,0,8,50,1,1,50,10,0,52,58,59,68,62,121
2,0,9,47,1,4,54,7,0,60,56,60,63,67,124
1,0,8,44,0,4,53,11,0,58,52,56,63,69,121
1,0,12,46,0,3,45,14,0,49,58,61,72,63,121
1,0,7,52,1,3,47,10,0,51,59,62,69,61,121
1,0,0,52,1,1,56,10,0,58,52,53,62,68,121
0,0,10,48,0,2,49,11,0,51,58,60,69,62,120
2,0,11,44,1,2,50,12,0,54,55,57,67,66,122
1,0,7,52,1,2,49,10,0,52,59,61,69,62,122
1,0,7,47,1,2,46,17,0,49,54,56,71,66,121
4,0,7,45,0,1,53,10,0,58,52,53,62,68,120
0,0,7,56,1,3,43,12,0,46,63,66,75,58,122
0,0,7,48,1,4,49,13,0,53,55,59,68,66,122
1,0,10,47,0,2,47,13,0,50,57,59,70,63,120
0,0,0,53,1,1,56,10,0,57,53,54,63,67,121
1,0,0,47,1,3,60,11,0,64,47,50,58,75,123
0,0,6,53,1,4,53,7,0,57,59,63,66,64,124
1,0,7,50,1,2,49,13,0,52,57,59,70,65,123
0,0,8,43,0,5,54,14,0,59,51,56,65,73,124
1,0,8,45,0,5,53,12,0,59,53,58,65,71,124
1,0,0,51,0,4,54,12,0,59,51,55,63,71,122
0,0,11,46,0,3,55,7,0,58,57,60,64,65,122
1,0,9,47,1,5,48,10,0,54,56,61,66,64,121
1,0,7,47,1,4,51,13,0,56,54,58,67,69,124
1,0,7,53,1,4,47,10,0,52,60,64,70,62,123
1,0,0,52,0,3,55,12,0,59,52,55,64,71,123
1,0,11,43,1,3,50,13,0,54,54,57,67,67,122
1,0,0,59,1,3,48,12,0,52,59,62,71,64,124
0,0,7,50,0,1,54,8,0,55,57,58,65,63,120
0,0,8,48,0,3,48,13,0,51,56,59,69,64,120
1,0,9,51,1,1,50,9,0,52,60,61,69,61,122
1,0,7,50,0,4,52,10,0,57,57,61,67,67,124
1,0,8,51,1,3,44,14,0,48,59,62,73,62,122
1,0,9,45,0,2,54,11,0,57,54,56,65,68,122
0,0,12,46,0,4,49,11,0,53,58,62,69,64,122
1,0,9,46,0,2,51,11,0,54,55,57,66,65,120
1,0,0,51,0,4,58,10,0,63,51,55,61,73,124
1,0,7,47,1,3,51,13,0,55,54,57,67,68,123
1,0,9,41,0,1,56,12,0,58,50,51,62,70,120
1,0,10,43,1,3,51,14,0,55,53,56,67,69,123
1,0,8,51,1,4,47,13,0,52,59,63,72,65,125
1,0,9,43,1,4,54,11,0,59,52,56,63,70,123
1,0,9,47,1,3,53,10,0,57,56,59,66,67,124
0,0,12,45,0,2,49,12,0,51,57,59,69,63,120
1,0,9,48,1,1,48,13,0,50,57,58,70,63,121
0,0,7,47,0,2,51,13,0,53,54,56,67,66,120
0,0,7,49,0,2,52,11,0,54,56,58,67,65,121
1,0,6,51,0,2,51,9,0,54,57,59,66,63,120
0,0,0,51,0,3,54,13,0,57,51,54,64,70,121
1,0,7,50,1,3,47,13,0,51,57,60,70,64,122
2,0,7,47,0,3,54,7,0,59,54,57,61,66,120
1,0,8,47,1,3,52,11,0,56,55,58,66,67,123
0,0,8,49,1,5,50,10,0,55,57,62,67,65,123
1,0,13,46,1,3,48,11,0,52,59,62,70,63,123
0,0,9,43,0,6,56,11,0,62,52,58,63,73,125
1,0,7,48,0,2,54,9,0,57,55,57,64,66,121
1,0,7,50,0,3,47,13,0,51,57,60,70,64,121
1,0,9,41,1,3,51,18,0,55,50,53,68,73,124
1,0,7,46,1,2,57,7,0,60,53,55,60,67,121
3,0,8,42,1,3,57,8,0,63,50,53,58,71,122
0,0,10,45,1,4,56,8,0,60,55,59,63,68,124
0,0,10,45,1,5,51,12,0,56,55,60,67,68,124
0,0,7,49,0,3,51,12,0,54,56,59,68,66,122
2,0,7,51,0,2,50,8,0,54,58,60,66,62,120
0,0,11,48,0,1,50,10,0,51,59,60,69,61,120
1,0,8,50,1,2,52,8,0,55,58,60,66,63,122
0,0,12,44,1,3,50,11,0,53,56,59,67,64,121
1,0,7,46,0,4,53,10,0,58,53,57,63,68,121
1,0,0,51,1,2,55,12,0,58,51,53,63,70,122
1,0,8,50,1,5,53,8,0,59,58,63,66,67,126
1,0,11,47,0,5,51,8,0,57,58,63,66,65,123
0,0,9,46,0,3,50,13,0,53,55,58,68,66,121
0,0,12,42,0,1,56,9,0,57,54,55,63,66,120
1,0,9,50,0,2,48,10,0,51,59,61,69,61,120
1,0,11,42,0,2,53,12,0,56,53,55,65,68,121
1,0,8,51,0,4,46,11,0,51,59,63,70,62,121
0,0,0,45,0,6,55,14,0,61,45,51,59,75,120
1,0,11,44,0,4,44,16,0,49,55,59,71,65,120
1,0,13,42,1,4,51,13,0,56,55,59,68,69,125
1,0,8,47,1,2,50,12,0,53,55,57,67,65,121
1,0,8,46,0,3,50,13,0,54,54,57,67,67,121
1,0,9,46,1,2,53,9,0,56,55,57,64,65,121
1,0,10,43,1,2,56,10,0,59,53,55,63,69,123
1,0,7,44,1,3,56,10,0,60,51,54,61,70,122
1,0,10,47,0,2,51,11,0,54,57,59,68,65,122
1,0,7,51,1,5,49,11,0,55,58,63,69,66,125
1,0,9,49,0,2,49,12,0,52,58,60,70,64,122
1,0,8,50,0,1,49,11,0,51,58,59,69,62,120
1,0,7,51,0,5,49,11,0,55,58,63,69,66,124
0,0,8,47,1,2,50,14,0,52,55,57,69,66,122
1,0,10,43,1,4,49,14,0,54,53,57,67,68,122
1,0,7,50,0,3,51,9,0,55,57,60,66,64,121
0,0,10,46,1,3,54,9,0,57,56,59,65,66,123
1,0,11,41,0,2,51,15,0,54,52,54,67,69,121
0,0,10,45,1,5,50,14,0,55,55,60,69,69,125
0,0,6,50,1,4,49,14,0,53,56,60,70,67,124
1,0,9,44,0,3,53,12,0,57,53,56,65,69,122
1,0,9,47,0,4,49,11,0,54,56,60,67,65,121
0,0,9,47,1,4,51,12,0,55,56,60,68,67,124
1,0,7,47,1,4,52,12,0,57,54,58,66,69,124
1,0,7,48,1,3,49,12,0,53,55,58,67,65,121
1,0,8,50,1,2,50,11,0,53,58,60,69,64,123
2,0,11,43,1,2,52,10,0,56,54,56,64,66,121
1,0,11,49,1,3,45,12,0,49,60,63,72,61,122
2,0,8,50,0,3,45,13,0,50,58,61,71,63,121
1,0,6,47,1,3,54,11,0,58,53,56,64,69,123
2,0,8,50,1,2,50,9,0,54,58,60,67,63,122
0,0,7,53,1,2,48,10,0,50,60,62,70,60,121
1,0,9,48,1,2,53,8,0,56,57,59,65,64,122
0,0,9,46,0,3,51,13,0,54,55,58,68,67,122
1,0,8,48,0,4,50,12,0,55,56,60,68,67,123
1,0,8,47,1,2,54,9,0,57,55,57,64,66,122
0,0,8,45,0,3,50,14,0,53,53,56,67,67,120
1,0,9,52,0,3,45,11,0,49,61,64,72,60,121
0,0,7,47,1,4,52,12,0,56,54,58,66,68,123
1,0,7,47,0,2,52,11,0,55,54,56,65,66,120
1,0,9,43,1,4,49,15,0,54,52,56,67,69,122
1,0,7,47,1,0,58,8,0,59,54,54,62,67,122
1,0,11,42,0,4,53,12,0,58,53,57,65,70,123
1,0,8,49,1,5,49,13,0,55,57,62,70,68,126
0,0,10,45,1,3,49,14,0,52,55,58,69,66,122
2,0,8,47,1,3,53,9,0,58,55,58,64,67,123
1,0,6,50,0,4,55,7,0,60,56,60,63,67,123
1,0,7,46,1,3,55,10,0,59,53,56,63,69,123
1,0,7,49,0,2,54,8,0,57,56,58,64,65,121
1,0,11,42,0,5,52,13,0,58,53,58,66,71,124
1,0,8,52,0,3,46,11,0,50,60,63,71,61,121
1,0,9,45,0,2,53,10,0,56,54,56,64,66,120
1,0,9,46,1,3,53,10,0,57,55,58,65,67,123
1,0,12,43,0,4,53,12,0,58,55,59,67,70,125
0,0,10,46,0,2,51,12,0,53,56,58,68,65,121
1,0,8,44,1,3,52,15,0,56,52,55,67,71,124
0,0,8,47,0,1,48,16,0,49,55,56,71,65,120
1,0,9,44,1,4,57,9,0,62,53,57,62,71,125
1,0,8,51,1,3,47,11,0,51,59,62,70,62,122
0,0,9,45,1,3,51,13,0,54,54,57,67,67,122
1,0,7,50,0,3,47,14,0,51,57,60,71,65,122
1,0,10,46,1,5,51,11,0,57,56,61,67,68,125
1,0,10,42,0,4,53,13,0,58,52,56,65,71,123
0,0,11,46,1,5,50,12,0,55,57,62,69,67,125
1,0,10,46,0,5,49,13,0,55,56,61,69,68,124
1,0,11,51,0,2,46,10,0,49,62,64,72,59,121
1,0,7,54,1,3,41,16,0,45,61,64,77,61,123
2,0,9,45,0,3,49,12,0,54,54,57,66,66,120
1,0,9,50,1,2,51,9,0,54,59,61,68,63,123
1,0,12,39,0,0,58,10,0,59,51,51,61,69,120
1,0,10,45,0,2,52,10,0,55,55,57,65,65,120
1,0,8,47,0,2,52,12,0,55,55,57,67,67,122
1,0,8,51,0,4,52,8,0,57,59,63,67,65,124
1,0,10,46,1,3,53,9,0,57,56,59,65,66,123
2,0,8,48,0,5,49,12,0,56,56,61,68,68,124
1,0,7,48,0,6,50,11,0,57,55,61,66,68,123
1,0,7,50,0,4,50,11,0,55,57,61,68,66,123
0,0,12,46,1,1,51,10,0,52,58,59,68,62,121
0,0,8,46,1,2,53,11,0,55,54,56,65,66,121
1,0,10,45,1,2,50,12,0,53,55,57,67,65,121
1,0,12,47,0,2,50,10,0,53,59,61,69,63,122
2,0,6,45,1,2,55,11,0,59,51,53,62,70,122
2,0,6,46,0,3,50,15,0,55,52,55,67,70,122
0,0,7,46,1,1,57,9,0,58,53,54,62,67,121
1,0,9,50,0,4,53,6,0,58,59,63,65,64,123
0,0,9,52,1,4,46,10,0,50,61,65,71,60,122
1,0,7,54,0,2,44,13,0,47,61,63,74,60,121
1,0,6,51,1,3,54,7,0,58,57,60,64,65,123
1,0,8,41,0,4,58,11,0,63,49,53,60,74,123
1,0,0,48,1,1,57,13,0,59,48,49,61,72,121
1,0,14,44,0,3,48,12,0,52,58,61,70,64,122
1,0,8,45,1,3,53,10,0,57,53,56,63,67,121
1,0,8,48,1,3,49,12,0,53,56,59,68,65,122
1,0,10,45,1,2,45,18,0,48,55,57,73,66,122
1,0,13,46,0,3,49,11,0,53,59,62,70,64,123
2,0,7,43,1,4,53,14,0,59,50,54,64,73,124
1,0,11,46,0,1,51,11,0,53,57,58,68,64,121
0,0,12,40,1,2,51,16,0,53,52,54,68,69,122
1,0,8,47,1,2,53,10,0,56,55,57,65,66,122
1,0,8,51,0,3,48,9,0,52,59,62,68,61,120
1,0,8,48,1,3,51,11,0,55,56,59,67,66,123
1,0,7,45,0,4,54,11,0,59,52,56,63,70,122
0,0,6,45,0,4,53,13,0,57,51,55,64,70,121
0,0,9,50,1,1,49,11,0,50,59,60,70,61,121
1,0,8,49,0,2,49,13,0,52,57,59,70,65,122
1,0,8,48,0,5,50,11,0,56,56,61,67,67,123
1,0,9,45,1,3,52,11,0,56,54,57,65,67,122
1,0,10,46,0,2,50,11,0,53,56,58,67,64,120
1,0,9,46,0,4,49,14,0,54,55,59,69,68,123
1,0,10,44,0,4,52,12,0,57,54,58,66,69,123
4,0,10,50,0,2,45,9,0,51,60,62,69,60,120
2,0,8,46,0,3,53,8,0,58,54,57,62,66,120
1,0,7,52,1,4,47,10,0,52,59,63,69,62,122
1,0,9,44,0,4,52,13,0,57,53,57,66,70,123
0,0,9,43,0,4,53,14,0,57,52,56,66,71,123
1,0,6,45,1,4,55,12,0,60,51,55,63,72,124
1,0,9,42,0,4,55,12,0,60,51,55,63,72,123
0,0,6,53,0,5,48,9,0,53,59,64,68,62,121
1,0,8,50,0,4,52,9,0,57,58,62,67,66,124
1,0,12,40,0,1,53,13,0,55,52,53,65,68,120
2,0,7,49,1,5,51,10,0,58,56,61,66,68,125
0,0,9,47,1,2,53,10,0,55,56,58,66,65,122
1,0,10,48,1,5,42,17,0,48,58,63,75,65,124
5,0,10,41,1,3,51,11,0,59,51,54,62,70,122
2,0,8,47,1,3,52,10,0,57,55,58,65,67,123
1,0,8,44,0,2,52,13,0,55,52,54,65,68,120
1,0,12,41,0,3,50,14,0,54,53,56,67,68,121
1,0,6,53,0,4,47,11,0,52,59,63,70,63,122
0,0,11,47,0,4,53,8,0,57,58,62,66,65,123
1,0,12,41,0,3,53,12,0,57,53,56,65,69,122
2,0,13,44,0,4,53,7,0,59,57,61,64,66,123
1,0,6,49,0,3,53,10,0,57,55,58,65,67,122
1,0,8,47,0,2,55,8,0,58,55,57,63,66,121
2,0,13,45,0,4,47,12,0,53,58,62,70,65,123
1,0,8,50,0,3,49,11,0,53,58,61,69,64,122
1,0,0,51,1,3,56,12,0,60,51,54,63,72,124
1,0,8,46,1,2,54,9,0,57,54,56,63,66,121
1,0,7,45,1,3,53,12,0,57,52,55,64,69,122
1,0,10,49,1,3,45,13,0,49,59,62,72,62,122
1,0,7,53,1,3,51,8,0,55,60,63,68,63,124
1,0,8,49,1,3,49,12,0,53,57,60,69,65,123
1,0,8,52,1,0,46,13,0,47,60,60,73,60,121
1,0,8,48,0,3,50,11,0,54,56,59,67,65,121
0,0,9,42,1,3,54,14,0,57,51,54,65,71,123
0,0,6,53,0,4,50,9,0,54,59,63,68,63,122
1,0,7,51,1,4,51,8,0,56,58,62,66,64,123
1,0,9,47,1,1,53,10,0,55,56,57,66,65,122
1,0,8,50,0,2,50,10,0,53,58,60,68,63,121
1,0,9,46,1,1,54,9,0,56,55,56,64,65,121
0,0,8,50,0,3,48,13,0,51,58,61,71,64,122
1,0,8,45,0,2,50,15,0,53,53,55,68,68,121
1,0,8,47,0,4,50,13,0,55,55,59,68,68,123
1,0,10,47,0,4,48,12,0,53,57,61,69,65,122
2,0,9,44,0,5,53,10,0,60,53,58,63,70,123
1,0,12,45,1,2,53,10,0,56,57,59,67,66,124
1,0,7,51,0,2,45,14,0,48,58,60,72,62,120
1,0,0,56,0,4,51,11,0,56,56,60,67,67,123
1,0,0,51,1,1,56,12,0,58,51,52,63,70,122
0,0,10,46,1,2,51,11,0,53,56,58,67,64,121
0,0,8,47,1,4,48,13,0,52,55,59,68,65,121
1,0,7,48,0,3,52,9,0,56,55,58,64,65,120
1,0,9,47,0,4,50,12,0,55,56,60,68,67,123
1,0,8,45,1,1,57,8,0,59,53,54,61,67,121
1,0,7,47,1,4,54,8,0,59,54,58,62,67,122
1,0,9,47,0,1,53,9,0,55,56,57,65,64,120
1,0,7,49,0,3,49,12,0,53,56,59,68,65,121
1,0,9,47,1,3,53,9,0,57,56,59,65,66,123
1,0,9,46,1,2,53,11,0,56,55,57,66,67,123
1,0,9,47,1,3,48,13,0,52,56,59,69,65,122
1,0,10,48,1,3,50,10,0,54,58,61,68,64,123
0,0,9,45,0,2,48,17,0,50,54,56,71,67,121
0,0,8,48,0,4,51,12,0,55,56,60,68,67,123
0,0,7,46,1,3,50,14,0,53,53,56,67,67,121
1,0,8,48,0,3,51,9,0,55,56,59,65,64,120
1,0,6,50,1,3,50,11,0,54,56,59,67,65,122
1,0,7,50,1,4,51,10,0,56,57,61,67,66,124
1,0,7,47,1,4,50,13,0,55,54,58,67,68,123
0,0,10,45,1,1,49,15,0,50,55,56,70,65,121
0,0,8,45,1,3,52,13,0,55,53,56,66,68,122
0,0,0,50,0,3,57,12,0,60,50,53,62,72,122
1,0,7,51,1,2,49,11,0,52,58,60,69,63,122
1,0,8,52,1,5,47,7,0,53,60,65,67,60,121
3,0,8,47,0,3,52,9,0,58,55,58,64,67,122
1,0,0,56,1,3,51,10,0,55,56,59,66,65,122
1,0,8,49,0,4,49,12,0,54,57,61,69,66,123
1,0,7,49,1,2,51,12,0,54,56,58,68,66,123
1,0,8,42,1,3,55,13,0,59,50,53,63,72,123
1,0,8,48,1,3,49,13,0,53,56,59,69,66,123
1,0,7,48,1,3,52,10,0,56,55,58,65,66,122
2,0,9,45,0,3,51,13,0,56,54,57,67,69,123
1,0,6,46,0,2,54,11,0,57,52,54,63,68,120
1,0,6,45,1,1,57,10,0,59,51,52,61,69,121
1,0,9,52,0,3,43,13,0,47,61,64,74,60,121
1,0,8,41,0,4,58,11,0,63,49,53,60,74,123
1,0,0,57,1,4,50,11,0,55,57,61,68,66,124
1,0,8,50,1,3,49,11,0,53,58,61,69,64,123
1,0,10,49,1,1,51,9,0,53,59,60,68,62,122
1,0,7,49,1,1,51,11,0,53,56,57,67,64,121
1,0,10,43,0,4,48,14,0,53,53,57,67,67,120
0,0,9,45,0,1,52,13,0,53,54,55,67,66,120
1,0,9,46,1,3,50,11,0,54,55,58,66,65,121
0,0,12,43,1,4,55,10,0,59,55,59,65,69,125
1,0,12,47,1,3,47,11,0,51,59,62,70,62,122
1,0,10,46,1,2,49,13,0,52,56,58,69,65,122
1,0,9,50,1,5,46,12,0,52,59,64,71,64,124
1,0,7,52,1,3,51,8,0,55,59,62,67,63,123
1,0,7,48,1,2,53,10,0,56,55,57,65,66,122
3,0,6,47,1,2,51,11,0,56,53,55,64,67,121
1,0,8,40,0,4,58,13,0,63,48,52,61,76,124
0,0,10,48,1,2,48,12,0,50,58,60,70,62,121
1,0,9,49,1,3,43,15,0,47,58,61,73,62,121
1,0,10,44,0,5,56,9,0,62,54,59,63,71,125
0,0,6,53,0,3,50,9,0,53,59,62,68,62,121
2,0,9,44,0,2,54,9,0,58,53,55,62,67,120
1,0,0,55,1,4,53,9,0,58,55,59,64,67,123
2,0,10,44,0,4,55,8,0,61,54,58,62,69,123
1,0,10,43,0,1,53,12,0,55,53,54,65,67,120
0,0,12,43,0,5,54,9,0,59,55,60,64,68,123
2,0,6,49,0,3,50,12,0,55,55,58,67,67,122
1,0,7,45,1,5,54,12,0,60,52,57,64,72,125
1,0,13,42,0,2,52,11,0,55,55,57,66,66,121
2,0,7,48,0,4,48,13,0,54,55,59,68,67,122
1,0,8,51,1,3,46,12,0,50,59,62,71,62,122
2,0,9,42,1,2,58,8,0,62,51,53,59,70,122
0,0,8,48,1,3,52,10,0,55,56,59,66,65,122
0,0,7,44,1,1,53,15,0,54,51,52,66,69,121
1,0,11,46,1,3,50,9,0,54,57,60,66,63,121
0,0,9,48,0,5,50,11,0,55,57,62,68,66,123
1,0,7,48,1,6,44,15,0,51,55,61,70,66,122
0,0,7,49,0,3,55,8,0,58,56,59,64,66,122
1,0,7,46,1,4,53,13,0,58,53,57,66,71,125
3,0,8,47,1,3,47,13,0,53,55,58,68,66,122
1,0,0,56,1,5,49,13,0,55,56,61,69,68,125
0,0,11,43,1,4,52,13,0,56,54,58,67,69,124
0,0,10,45,0,3,53,11,0,56,55,58,66,67,122
0,0,8,44,0,3,53,15,0,56,52,55,67,71,123
0,0,8,46,1,6,55,9,0,61,54,60,63,70,125
1,0,7,42,0,3,54,15,0,58,49,52,64,73,122
1,0,11,44,0,6,52,11,0,59,55,61,66,70,125
1,0,11,43,1,4,53,11,0,58,54,58,65,69,124
1,0,6,52,0,3,51,8,0,55,58,61,66,63,121
3,0,9,43,1,2,53,11,0,58,52,54,63,69,122
1,0,9,47,0,4,47,13,0,52,56,60,69,65,121
1,0,9,44,0,3,53,11,0,57,53,56,64,68,121
1,0,8,47,1,5,53,10,0,59,55,60,65,69,125
0,0,7,50,0,3,49,13,0,52,57,60,70,65,122
5,0,0,46,1,3,57,9,0,65,46,49,55,74,121
0,0,8,48,1,3,50,11,0,53,56,59,67,64,121
2,0,8,46,0,2,51,12,0,55,54,56,66,67,121
1,0,10,48,0,2,51,9,0,54,58,60,67,63,121
1,0,7,55,0,3,47,9,0,51,62,65,71,60,122
0,0,8,41,0,2,57,13,0,59,49,51,62,72,121
1,0,8,49,0,3,48,12,0,52,57,60,69,64,121
1,0,10,46,0,4,50,12,0,55,56,60,68,67,123
1,0,8,49,0,3,51,9,0,55,57,60,66,64,121
1,0,9,45,1,3,54,11,0,58,54,57,65,69,124
1,0,12,47,0,3,45,13,0,49,59,62,72,62,121
1,0,7,43,0,3,52,15,0,56,50,53,65,71,121
2,0,10,46,0,3,47,14,0,52,56,59,70,66,122
1,0,8,50,1,3,50,9,0,54,58,61,67,63,122
1,0,12,45,1,2,49,11,0,52,57,59,68,63,121
1,0,8,52,0,2,47,11,0,50,60,62,71,61,121
4,0,8,51,1,2,43,11,0,49,59,61,70,60,120
1,0,12,42,1,3,51,13,0,55,54,57,67,68,123
1,0,10,47,1,3,48,12,0,52,57,60,69,64,122
2,0,9,45,1,3,50,13,0,55,54,57,67,68,123
0,0,7,50,0,4,49,12,0,53,57,61,69,65,122
1,0,10,47,0,5,55,6,0,61,57,62,63,67,124
0,0,11,44,0,3,53,11,0,56,55,58,66,67,122
1,0,10,45,1,3,53,10,0,57,55,58,65,67,123
1,0,8,45,1,3,53,11,0,57,53,56,64,68,122
1,0,9,47,0,3,48,14,0,52,56,59,70,66,122
1,0,8,45,1,4,48,17,0,53,53,57,70,70,124
0,0,7,46,1,4,53,13,0,57,53,57,66,70,124
1,0,6,52,0,4,46,13,0,51,58,62,71,64,122
1,0,9,47,0,3,51,11,0,55,56,59,67,66,122
1,0,10,48,1,2,50,10,0,53,58,60,68,63,122
1,0,8,47,1,2,48,14,0,51,55,57,69,65,121
1,0,10,46,0,3,49,11,0,53,56,59,67,64,120
1,0,8,48,1,2,52,10,0,55,56,58,66,65,122
1,0,8,44,0,2,51,14,0,54,52,54,66,68,120
1,0,8,43,0,3,53,12,0,57,51,54,63,69,120
1,0,9,43,1,3,53,13,0,57,52,55,65,70,123
1,0,7,46,0,3,56,9,0,60,53,56,62,69,122
1,0,7,51,1,4,50,11,0,55,58,62,69,66,125
0,0,9,43,0,3,54,12,0,57,52,55,64,69,121
1,0,7,46,1,4,53,10,0,58,53,57,63,68,122
1,0,7,51,0,3,48,13,0,52,58,61,71,65,123
1,0,7,49,0,3,52,11,0,56,56,59,67,67,123
0,0,10,44,0,3,58,7,0,61,54,57,61,68,122
1,0,7,45,1,3,56,10,0,60,52,55,62,70,123
0,0,7,50,1,3,49,12,0,52,57,60,69,64,122
1,0,7,46,1,5,55,9,0,61,53,58,62,70,124
1,0,7,51,0,4,48,10,0,53,58,62,68,63,121
1,0,9,46,0,2,54,9,0,57,55,57,64,66,121
1,0,7,49,0,1,52,10,0,54,56,57,66,64,120
1,0,9,45,1,1,53,11,0,55,54,55,65,66,121
1,0,10,46,1,3,46,16,0,50,56,59,72,66,123
1,0,11,47,0,3,51,8,0,55,58,61,66,63,121
1,0,6,49,0,3,48,14,0,52,55,58,69,66,121
0,0,8,52,1,3,47,11,0,50,60,63,71,61,122
0,0,11,43,0,3,55,10,0,58,54,57,64,68,122
0,0,7,52,0,3,46,12,0,49,59,62,71,61,120
1,0,7,46,0,3,55,10,0,59,53,56,63,69,122
1,0,7,48,0,2,52,12,0,55,55,57,67,67,122
0,0,9,45,1,3,51,13,0,54,54,57,67,67,122
0,0,7,48,1,3,51,13,0,54,55,58,68,67,123
1,0,0,50,0,5,54,15,0,60,50,55,65,75,125
0,0,11,49,1,2,49,10,0,51,60,62,70,61,122
1,0,8,43,1,2,56,10,0,59,51,53,61,69,121
1,0,10,46,1,4,50,13,0,55,56,60,69,68,125
1,0,9,46,0,2,54,10,0,57,55,57,65,67,122
1,0,8,51,1,4,47,12,0,52,59,63,71,64,124
1,0,6,52,1,3,49,11,0,53,58,61,69,64,123
2,0,0,54,1,4,53,8,0,59,54,58,62,67,122
1,0,12,40,1,3,57,10,0,61,52,55,62,71,124
1,0,10,42,0,2,53,13,0,56,52,54,65,69,121
1,0,0,54,0,2,54,11,0,57,54,56,65,68,122
1,0,10,43,1,1,51,15,0,53,53,54,68,68,122
0,0,7,50,0,3,51,10,0,54,57,60,67,64,121
0,0,8,50,0,2,49,12,0,51,58,60,70,63,121
2,0,6,51,0,2,49,11,0,53,57,59,68,64,121
1,0,9,50,1,5,50,9,0,56,59,64,68,65,125
1,0,11,42,0,2,53,14,0,56,53,55,67,70,123
1,0,8,48,0,4,50,12,0,55,56,60,68,67,123
1,0,8,51,1,3,45,13,0,49,59,62,72,62,122
3,0,8,43,0,3,55,10,0,61,51,54,61,71,122
1,0,10,46,0,1,48,14,0,50,56,57,70,64,120
2,0,10,44,0,3,50,13,0,55,54,57,67,68,122
1,0,10,42,1,5,50,16,0,56,52,57,68,72,125
1,0,0,52,0,4,54,10,0,59,52,56,62,69,121
1,0,10,43,0,1,51,15,0,53,53,54,68,68,121
1,0,9,48,1,2,52,10,0,55,57,59,67,65,123
1,0,10,35,1,5,62,10,0,68,45,50,55,78,124
0,0,8,51,1,3,48,11,0,51,59,62,70,62,122
1,0,9,44,1,2,52,13,0,55,53,55,66,68,122
1,0,0,55,0,5,52,7,0,58,55,60,62,65,120
1,0,8,43,0,3,52,14,0,56,51,54,65,70,121
1,0,7,51,1,2,45,14,0,48,58,60,72,62,121
1,0,10,50,0,2,46,13,0,49,60,62,73,62,122
1,0,8,44,0,2,55,10,0,58,52,54,62,68,120
1,0,7,50,0,4,47,12,0,52,57,61,69,64,121
1,0,7,52,0,5,49,6,0,55,59,64,65,61,120
1,0,7,51,1,2,42,17,0,45,58,60,75,62,121
1,0,0,55,0,3,51,11,0,55,55,58,66,66,121
1,0,7,49,0,3,48,14,0,52,56,59,70,66,122
1,0,0,53,1,2,47,17,0,50,53,55,70,67,121
0,0,7,50,1,3,54,6,0,57,57,60,63,63,121
1,0,8,47,1,4,50,13,0,55,55,59,68,68,124
1,0,8,50,0,2,46,13,0,49,58,60,71,62,120
1,0,6,42,1,2,53,15,0,56,48,50,63,71,120
0,0,7,47,1,3,55,8,0,58,54,57,62,66,121
1,0,7,51,1,2,46,14,0,49,58,60,72,63,122
0,0,10,47,1,3,52,10,0,55,57,60,67,65,123
1,0,13,47,0,1,45,13,0,47,60,61,73,60,120
1,0,7,53,0,3,47,11,0,51,60,63,71,62,122
0,0,12,46,0,3,50,11,0,53,58,61,69,64,122
1,0,9,45,1,5,51,12,0,57,54,59,66,69,124
1,0,8,48,1,4,48,12,0,53,56,60,68,65,122
0,0,6,51,1,3,47,12,0,50,57,60,69,62,120
1,0,10,47,1,2,45,16,0,48,57,59,73,64,122
1,0,6,48,1,4,50,12,0,55,54,58,66,67,122
4,0,8,41,0,3,53,13,0,60,49,52,62,73,122
1,0,0,58,0,2,48,11,0,51,58,60,69,62,120
1,0,6,50,1,3,52,10,0,56,56,59,66,66,123
1,0,13,45,1,3,51,10,0,55,58,61,68,65,124
0,0,11,43,0,4,51,14,0,55,54,58,68,69,123
0,0,10,44,1,4,51,14,0,55,54,58,68,69,124
1,0,8,50,0,2,51,9,0,54,58,60,67,63,121
1,0,9,41,0,4,55,12,0,60,50,54,62,72,122
0,0,9,47,1,4,53,11,0,57,56,60,67,68,125
1,0,12,46,0,4,51,9,0,56,58,62,67,65,123
1,0,7,48,1,3,54,8,0,58,55,58,63,66,122
0,0,11,41,0,2,54,12,0,56,52,54,64,68,120
1,0,8,48,1,4,52,8,0,57,56,60,64,65,122
1,0,10,50,1,3,48,10,0,52,60,63,70,62,123
1,0,6,48,0,3,54,9,0,58,54,57,63,67,121
1,0,10,48,1,4,49,11,0,54,58,62,69,65,124
1,0,7,49,1,2,50,12,0,53,56,58,68,65,122
0,0,9,43,1,4,54,13,0,58,52,56,65,71,124
2,0,10,46,1,3,50,9,0,55,56,59,65,64,121
1,0,0,53,1,3,57,9,0,61,53,56,62,70,124
1,0,9,46,0,4,53,9,0,58,55,59,64,67,122
1,0,8,45,0,2,53,11,0,56,53,55,64,67,120
2,0,12,42,0,5,52,10,0,59,54,59,64,69,123
0,0,8,47,1,2,54,10,0,56,55,57,65,66,122
1,0,9,44,1,3,56,9,0,60,53,56,62,69,123
1,0,8,50,1,2,49,11,0,52,58,60,69,63,122
1,0,10,49,0,2,48,10,0,51,59,61,69,61,120
1,0,9,46,1,2,51,12,0,54,55,57,67,66,122
1,0,8,44,1,4,54,12,0,59,52,56,64,71,124
2,0,8,47,0,4,53,8,0,59,55,59,63,67,122
1,0,8,50,0,4,47,13,0,52,58,62,71,65,123
0,0,7,51,0,2,51,10,0,53,58,60,68,63,121
2,0,12,40,1,3,53,12,0,58,52,55,64,70,123
1,0,6,46,1,4,52,12,0,57,52,56,64,69,122
3,0,0,47,0,5,57,9,0,65,47,52,56,74,121
1,0,9,47,0,5,44,16,0,50,56,61,72,66,122
1,0,10,46,0,3,53,8,0,57,56,59,64,65,121
1,0,7,48,1,3,47,15,0,51,55,58,70,66,122
1,0,8,47,0,3,50,13,0,54,55,58,68,67,122
1,0,11,42,0,4,52,14,0,57,53,57,67,71,124
2,0,10,50,1,3,46,10,0,51,60,63,70,61,122
2,0,9,45,0,2,51,12,0,55,54,56,66,67,121
1,0,9,48,0,2,49,11,0,52,57,59,68,63,120
1,0,10,45,0,2,53,10,0,56,55,57,65,66,121
1,0,9,49,1,1,48,12,0,50,58,59,70,62,121
3,0,6,49,1,2,51,10,0,56,55,57,65,66,122
0,0,7,50,1,5,50,11,0,55,57,62,68,66,124
1,0,9,47,1,4,47,13,0,52,56,60,69,65,122
1,0,8,46,1,3,52,12,0,56,54,57,66,68,123
1,0,8,46,1,4,50,14,0,55,54,58,68,69,124
1,0,7,50,0,4,47,13,0,52,57,61,70,65,122
1,0,8,49,1,4,48,13,0,53,57,61,70,66,124
1,0,9,46,1,2,51,12,0,54,55,57,67,66,122
1,0,7,50,0,3,48,12,0,52,57,60,69,64,121
3,0,9,50,0,4,47,10,0,54,59,63,69,64,123
1,0,8,46,0,4,52,13,0,57,54,58,67,70,124
1,0,7,49,1,2,50,10,0,53,56,58,66,63,120
1,0,7,49,0,3,49,12,0,53,56,59,68,65,121
1,0,7,48,0,3,54,8,0,58,55,58,63,66,121
1,0,0,52,1,4,55,10,0,60,52,56,62,70,123
1,0,10,50,0,2,47,11,0,50,60,62,71,61,121
2,0,9,45,1,4,53,10,0,59,54,58,64,69,124
1,0,10,43,1,3,50,15,0,54,53,56,68,69,123
1,0,8,50,0,3,49,10,0,53,58,61,68,63,121
1,0,7,50,0,4,47,14,0,52,57,61,71,66,123
1,0,9,47,1,2,50,12,0,53,56,58,68,65,122
1,0,9,49,0,3,49,12,0,53,58,61,70,65,123
0,0,10,44,1,3,55,10,0,58,54,57,64,68,123
1,0,8,47,0,2,50,12,0,53,55,57,67,65,120
1,0,7,47,0,2,52,11,0,55,54,56,65,66,120
0,0,0,55,0,3,53,10,0,56,55,58,65,66,121
1,0,9,43,1,4,58,9,0,63,52,56,61,72,125
1,0,11,45,0,3,53,8,0,57,56,59,64,65,121
1,0,11,47,0,2,51,9,0,54,58,60,67,63,121
1,0,6,54,1,4,46,10,0,51,60,64,70,61,122
1,0,8,45,0,4,56,9,0,61,53,57,62,70,123
1,0,7,44,0,3,58,10,0,62,51,54,61,72,123
1,0,10,47,0,5,51,11,0,57,57,62,68,68,125
1,0,8,47,0,2,51,12,0,54,55,57,67,66,121
1,0,7,43,1,3,55,14,0,59,50,53,64,73,124
1,0,7,55,0,3,49,8,0,53,62,65,70,61,123
1,0,8,46,0,5,48,16,0,54,54,59,70,70,124
1,0,8,52,1,3,49,10,0,53,60,63,70,63,124
2,0,9,44,1,3,54,9,0,59,53,56,62,68,122
0,0,11,45,1,2,51,11,0,53,56,58,67,64,121
1,0,9,49,0,2,46,13,0,49,58,60,71,62,120
2,0,11,49,0,5,47,9,0,54,60,65,69,63,123
1,0,7,50,0,5,49,8,0,55,57,62,65,63,120
2,0,7,49,1,5,48,13,0,55,56,61,69,68,125
0,0,6,53,0,3,46,12,0,49,59,62,71,61,120
1,0,7,47,1,3,57,8,0,61,54,57,62,69,124
1,0,7,48,0,3,51,12,0,55,55,58,67,67,122
1,0,7,49,1,2,52,9,0,55,56,58,65,64,121
1,0,10,49,0,3,52,7,0,56,59,62,66,63,122
1,0,12,38,1,2,51,17,0,54,50,52,67,71,122
0,0,10,46,1,5,50,13,0,55,56,61,69,68,125
1,0,0,55,1,4,51,11,0,56,55,59,66,67,123
1,0,7,48,1,4,49,12,0,54,55,59,67,66,122
0,0,9,48,0,3,51,10,0,54,57,60,67,64,121
1,0,9,51,1,3,48,11,0,52,60,63,71,63,124
1,0,10,44,1,3,53,11,0,57,54,57,65,68,123
0,0,8,46,0,4,56,9,0,60,54,58,63,69,123
0,0,8,47,1,3,53,11,0,56,55,58,66,67,123
0,0,0,58,1,5,52,8,0,57,58,63,66,65,124
1,0,6,52,0,2,51,8,0,54,58,60,66,62,120
1,0,6,52,0,5,50,9,0,56,58,63,67,65,123
1,0,10,45,0,2,50,13,0,53,55,57,68,66,121
2,0,9,44,0,1,57,7,0,60,53,54,60,67,120
0,0,10,47,0,3,50,12,0,53,57,60,69,65,122
1,0,8,50,1,2,50,10,0,53,58,60,68,63,122
1,0,7,50,1,2,48,13,0,51,57,59,70,64,122
1,0,9,47,1,4,52,9,0,57,56,60,65,66,123
0,0,8,47,1,4,53,10,0,57,55,59,65,67,123
0,0,8,51,0,2,46,13,0,48,59,61,72,61,120
1,0,9,49,0,5,47,12,0,53,58,63,70,65,123
1,0,0,46,1,2,62,10,0,65,46,48,56,75,122
1,0,7,46,0,5,51,13,0,57,53,58,66,70,123
0,0,9,41,0,3,57,12,0,60,50,53,62,72,122
0,0,8,47,1,3,54,10,0,57,55,58,65,67,123
1,0,7,46,0,3,56,8,0,60,53,56,61,68,121
1,0,7,45,1,2,54,11,0,57,52,54,63,68,121
2,0,7,50,1,5,50,6,0,57,57,62,63,63,121
3,0,6,43,0,4,53,11,0,60,49,53,60,71,120
0,0,8,47,0,2,54,9,0,56,55,57,64,65,120
1,0,8,49,0,5,51,10,0,57,57,62,67,67,124
0,0,9,43,0,3,53,13,0,56,52,55,65,69,121
3,0,10,41,0,1,53,12,0,57,51,52,63,69,120
1,0,8,45,1,3,54,11,0,58,53,56,64,69,123
1,0,10,46,0,5,51,11,0,57,56,61,67,68,124
1,0,8,49,0,4,50,8,0,55,57,61,65,63,120
2,0,7,47,1,2,53,10,0,57,54,56,64,67,122
1,0,8,44,0,3,56,9,0,60,52,55,61,69,121
1,0,10,44,1,2,47,17,0,50,54,56,71,67,122
1,0,0,50,0,2,55,12,0,58,50,52,62,70,120
1,0,7,48,1,4,51,13,0,56,55,59,68,69,125
1,0,9,49,1,4,49,12,0,54,58,62,70,66,125
1,0,7,49,0,1,52,11,0,54,56,57,67,65,121
1,0,9,48,1,3,53,9,0,57,57,60,66,66,124
1,0,6,52,1,0,52,9,0,53,58,58,67,62,121
1,0,9,44,1,4,52,13,0,57,53,57,66,70,124
1,0,7,50,1,3,49,11,0,53,57,60,68,64,122
1,0,6,54,1,5,44,12,0,50,60,65,72,62,123
1,0,0,50,0,4,55,12,0,60,50,54,62,72,122
1,0,11,44,1,3,55,8,0,59,55,58,63,67,123
1,0,9,46,0,2,51,11,0,54,55,57,66,65,120
1,0,0,52,0,2,54,11,0,57,52,54,63,68,120
1,0,10,43,1,1,53,12,0,55,53,54,65,67,121
1,0,8,48,1,4,50,10,0,55,56,60,66,65,122
0,0,7,46,1,2,55,10,0,57,53,55,63,67,121
1,0,10,45,1,3,54,9,0,58,55,58,64,67,123
1,0,11,43,1,3,53,10,0,57,54,57,64,67,122
1,0,12,47,1,4,49,10,0,54,59,63,69,64,124
0,0,11,46,0,3,52,10,0,55,57,60,67,65,122
1,0,9,50,1,2,47,11,0,50,59,61,70,61,121
1,0,6,51,0,2,53,9,0,56,57,59,66,65,122
1,0,12,43,0,4,49,13,0,54,55,59,68,67,122
1,0,8,45,1,1,53,12,0,55,53,54,65,67,121
2,0,9,46,1,2,49,12,0,53,55,57,67,65,121
1,0,7,49,1,2,52,8,0,55,56,58,64,63,120
0,0,9,43,0,2,51,15,0,53,52,54,67,68,120
1,0,8,46,1,3,52,12,0,56,54,57,66,68,123
1,0,11,48,0,5,48,11,0,54,59,64,70,65,124
0,0,8,52,0,4,47,12,0,51,60,64,72,63,123
1,0,6,49,0,4,47,15,0,52,55,59,70,67,122
1,0,8,48,1,4,50,11,0,55,56,60,67,66,123
1,0,8,49,0,2,47,14,0,50,57,59,71,64,121
0,0,8,48,0,3,49,13,0,52,56,59,69,65,121
1,0,8,51,0,3,46,12,0,50,59,62,71,62,121
0,0,9,46,1,4,55,9,0,59,55,59,64,68,124
1,0,7,50,1,2,52,8,0,55,57,59,65,63,121
0,0,0,53,0,2,50,15,0,52,53,55,68,67,120
1,0,6,49,0,1,48,16,0,50,55,56,71,66,121
1,0,9,46,0,3,47,15,0,51,55,58,70,66,121
1,0,8,43,0,0,55,14,0,56,51,51,65,70,121
1,0,13,40,1,6,51,14,0,58,53,59,67,72,126
1,0,10,44,1,2,50,13,0,53,54,56,67,66,121
2,0,7,47,0,6,55,8,0,63,54,60,62,71,125
1,0,6,50,1,2,53,8,0,56,56,58,64,64,121
1,0,8,47,0,2,49,13,0,52,55,57,68,65,120
1,0,7,49,0,5,50,12,0,56,56,61,68,68,124
1,0,9,44,1,5,53,12,0,59,53,58,65,71,125
1,0,8,45,1,2,56,10,0,59,53,55,63,69,123
0,0,9,48,1,3,50,12,0,53,57,60,69,65,123
0,0,8,47,1,5,53,8,0,58,55,60,63,66,122
1,0,11,42,1,3,51,15,0,55,53,56,68,70,124
1,0,12,41,1,3,53,11,0,57,53,56,64,68,122
0,0,8,48,1,2,53,10,0,55,56,58,66,65,122
1,0,8,49,0,3,52,9,0,56,57,60,66,65,122
0,0,8,47,0,5,52,11,0,57,55,60,66,68,123
1,0,8,44,0,5,57,10,0,63,52,57,62,73,125
2,0,11,43,1,4,50,12,0,56,54,58,66,68,123
0,0,7,47,1,3,52,11,0,55,54,57,65,66,121
1,0,0,50,1,2,56,12,0,59,50,52,62,71,122
1,0,10,43,1,3,53,12,0,57,53,56,65,69,123
6,0,6,41,0,3,54,10,0,63,47,50,57,73,120
1,0,9,44,1,0,54,13,0,55,53,53,66,68,122
1,0,8,50,0,2,52,9,0,55,58,60,67,64,122
1,0,8,44,0,5,49,16,0,55,52,57,68,71,123
1,0,6,51,1,1,47,15,0,49,57,58,72,64,122
1,0,9,45,0,4,53,11,0,58,54,58,65,69,123
1,0,9,49,0,2,49,11,0,52,58,60,69,63,121
0,0,10,47,1,5,50,12,0,55,57,62,69,67,125
1,0,8,47,0,6,49,10,0,56,55,61,65,66,121
1,0,9,48,0,1,51,10,0,53,57,58,67,63,120
1,0,10,44,0,3,50,13,0,54,54,57,67,67,121
1,0,8,49,0,5,51,9,0,57,57,62,66,66,123
0,0,6,50,1,4,51,11,0,55,56,60,67,66,123
0,0,9,43,0,4,57,8,0,61,52,56,60,69,121
1,0,7,50,0,2,51,11,0,54,57,59,68,65,122
0,0,9,49,0,6,51,9,0,57,58,64,67,66,124
1,0,10,44,1,3,50,14,0,54,54,57,68,68,123
2,0,11,43,0,3,52,11,0,57,54,57,65,68,122
1,0,8,48,0,3,51,11,0,55,56,59,67,66,122
1,0,8,46,1,2,52,12,0,55,54,56,66,67,122
2,0,0,61,0,4,43,12,0,49,61,65,73,61,122
2,0,8,46,0,2,53,10,0,57,54,56,64,67,121
1,0,8,46,1,4,50,12,0,55,54,58,66,67,122
0,0,9,49,1,6,50,11,0,56,58,64,69,67,126
0,0,9,45,0,4,55,10,0,59,54,58,64,69,123
2,0,10,47,1,3,48,12,0,53,57,60,69,65,123
1,0,7,47,0,2,55,9,0,58,54,56,63,67,121
1,0,9,48,0,4,51,11,0,56,57,61,68,67,124
0,0,8,50,1,5,50,11,0,55,58,63,69,66,125
1,0,7,49,0,2,51,11,0,54,56,58,67,65,121
1,0,14,40,1,4,55,10,0,60,54,58,64,70,125
2,0,8,49,0,4,51,9,0,57,57,61,66,66,123
0,0,9,48,1,3,49,13,0,52,57,60,70,65,123
1,0,8,48,0,4,53,9,0,58,56,60,65,67,123
1,0,8,51,0,3,49,11,0,53,59,62,70,64,123
0,0,10,48,1,3,51,10,0,54,58,61,68,64,123
1,0,8,51,1,4,47,11,0,52,59,63,70,63,123
2,0,6,46,1,4,53,12,0,59,52,56,64,71,124
1,0,10,47,1,4,49,12,0,54,57,61,69,66,124
1,0,13,42,1,5,51,12,0,57,55,60,67,69,125
1,0,9,47,0,2,51,11,0,54,56,58,67,65,121
0,0,9,50,0,3,49,11,0,52,59,62,70,63,122
2,0,7,47,0,3,53,10,0,58,54,57,64,68,122
1,0,6,50,0,3,52,10,0,56,56,59,66,66,122
1,0,10,50,0,4,48,9,0,53,60,64,69,62,122
2,0,0,49,0,3,55,12,0,60,49,52,61,72,121
1,0,8,47,0,1,51,12,0,53,55,56,67,65,120
1,0,12,42,0,2,54,11,0,57,54,56,65,68,122
0,0,8,44,1,4,56,11,0,60,52,56,63,71,124
0,0,9,46,0,3,54,10,0,57,55,58,65,67,122
2,0,8,50,0,2,47,11,0,51,58,60,69,62,120
1,0,9,45,0,5,51,13,0,57,54,59,67,70,124
1,0,0,54,0,2,50,13,0,53,54,56,67,66,120
0,0,8,52,0,6,49,9,0,55,60,66,69,64,124
0,0,8,45,0,2,54,12,0,56,53,55,65,68,121
0,0,7,46,1,2,52,13,0,54,53,55,66,67,121
0,0,10,45,0,3,51,13,0,54,55,58,68,67,122
1,0,7,52,1,4,48,8,0,53,59,63,67,61,121
1,0,7,49,1,4,47,15,0,52,56,60,71,67,124
1,0,6,49,0,1,50,14,0,52,55,56,69,66,121
1,0,7,46,0,4,55,10,0,60,53,57,63,70,123
1,0,7,47,1,3,51,11,0,55,54,57,65,66,121
2,0,8,49,1,5,51,9,0,58,57,62,66,67,125
1,0,10,42,1,4,54,11,0,59,52,56,63,70,123
1,0,7,50,0,2,50,12,0,53,57,59,69,65,122
1,0,6,46,0,1,59,7,0,61,52,53,59,68,120
0,0,10,41,0,2,56,12,0,58,51,53,63,70,121
1,0,11,46,1,4,52,10,0,57,57,61,67,67,125
1,0,9,49,0,4,51,10,0,56,58,62,68,66,124
2,0,8,48,1,3,48,13,0,53,56,59,69,66,123
1,0,10,46,1,2,49,14,0,52,56,58,70,66,123
2,0,6,47,1,4,55,7,0,61,53,57,60,68,122
1,0,12,42,1,1,54,10,0,56,54,55,64,66,121
2,0,0,51,1,4,52,11,0,58,51,55,62,69,121
1,0,8,48,1,5,50,11,0,56,56,61,67,67,124
1,0,10,42,1,4,54,13,0,59,52,56,65,72,125
1,0,9,46,0,4,52,11,0,57,55,59,66,68,123
1,0,7,45,1,4,51,16,0,56,52,56,68,72,125
0,0,10,47,1,4,51,11,0,55,57,61,68,66,124
1,0,12,42,1,4,54,10,0,59,54,58,64,69,124
1,0,9,46,1,4,47,16,0,52,55,59,71,68,124
1,0,8,46,1,2,54,10,0,57,54,56,64,67,122
1,0,11,46,0,2,49,13,0,52,57,59,70,65,122
1,0,10,47,0,2,51,10,0,54,57,59,67,64,121
1,0,0,56,1,4,47,13,0,52,56,60,69,65,122
1,0,9,46,0,4,50,10,0,55,55,59,65,65,120
1,0,8,48,0,2,52,10,0,55,56,58,66,65,121
1,0,8,48,0,3,55,7,0,59,56,59,63,66,122
1,0,9,49,1,4,51,9,0,56,58,62,67,65,124
1,0,9,48,0,2,52,10,0,55,57,59,67,65,122
1,0,8,47,0,2,53,10,0,56,55,57,65,66,121
1,0,7,47,0,2,52,11,0,55,54,56,65,66,120
1,0,8,54,1,2,44,12,0,47,62,64,74,59,122
1,0,8,46,1,2,48,15,0,51,54,56,69,66,121
1,0,9,46,0,2,50,14,0,53,55,57,69,67,122
1,0,6,47,0,1,56,9,0,58,53,54,62,67,120
1,0,11,43,1,4,48,17,0,53,54,58,71,70,125
1,0,7,50,0,5,49,13,0,55,57,62,70,68,125
3,0,8,47,1,0,53,9,0,56,55,55,64,65,121
1,0,7,47,0,4,51,11,0,56,54,58,65,67,121
0,0,7,44,1,3,55,12,0,58,51,54,63,70,122
1,0,7,46,0,4,48,16,0,53,53,57,69,69,122
2,0,9,41,1,4,52,13,0,58,50,54,63,71,122
2,0,0,53,0,2,56,8,0,60,53,55,61,68,121
1,0,9,47,1,3,55,8,0,59,56,59,64,67,124
1,0,8,47,1,3,51,10,0,55,55,58,65,65,121
1,0,7,46,0,4,54,12,0,59,53,57,65,71,124
1,0,7,49,0,3,49,12,0,53,56,59,68,65,121
0,0,8,46,1,4,54,11,0,58,54,58,65,69,124
1,0,7,44,0,4,58,9,0,63,51,55,60,72,123
0,0,7,46,1,4,49,17,0,53,53,57,70,70,124
1,0,7,48,0,4,50,14,0,55,55,59,69,69,124
4,0,7,49,1,5,49,11,0,58,56,61,67,69,126
1,0,8,46,0,4,47,15,0,52,54,58,69,67,121
1,0,0,53,0,5,56,10,0,62,53,58,63,72,125
1,0,6,55,0,4,46,10,0,51,61,65,71,61,122
0,0,7,50,1,3,50,12,0,53,57,60,69,65,123
0,0,11,45,0,2,47,15,0,49,56,58,71,64,120
1,0,9,49,1,2,49,11,0,52,58,60,69,63,122
3,0,10,49,0,3,47,8,0,53,59,62,67,61,120
1,0,9,50,1,2,51,8,0,54,59,61,67,62,122
0,0,7,52,0,3,49,9,0,52,59,62,68,61,120
1,0,7,48,1,2,51,12,0,54,55,57,67,66,122
1,0,8,48,0,2,50,12,0,53,56,58,68,65,121
3,0,8,48,1,2,47,12,0,52,56,58,68,64,121
1,0,7,44,1,3,56,10,0,60,51,54,61,70,122
1,0,9,52,1,0,48,10,0,49,61,61,71,59,121
0,0,11,50,0,2,46,11,0,48,61,63,72,59,120
1,0,7,51,0,2,51,9,0,54,58,60,67,63,121
1,0,7,44,1,3,57,9,0,61,51,54,60,70,122
1,0,8,46,1,2,52,11,0,55,54,56,65,66,121
0,0,6,49,0,2,54,9,0,56,55,57,64,65,120
1,0,0,50,1,3,62,7,0,66,50,53,57,73,124
0,0,0,55,1,5,53,10,0,58,55,60,65,68,124
0,0,9,52,1,4,46,12,0,50,61,65,73,62,124
1,0,7,46,1,2,48,16,0,51,53,55,69,67,121
1,0,8,49,0,2,50,11,0,53,57,59,68,64,121
1,0,0,49,0,4,57,11,0,62,49,53,60,73,122
1,0,7,51,1,2,51,9,0,54,58,60,67,63,122
1,0,11,48,0,3,49,9,0,53,59,62,68,62,121
1,0,8,44,1,3,55,11,0,59,52,55,63,70,123
2,0,7,50,1,2,48,11,0,52,57,59,68,63,121
0,0,9,45,1,3,51,14,0,54,54,57,68,68,123
2,0,9,46,0,0,54,9,0,56,55,55,64,65,120
2,0,10,38,0,5,55,14,0,62,48,53,62,76,124
1,0,7,55,0,3,45,10,0,49,62,65,72,59,121
1,0,0,53,0,3,53,11,0,57,53,56,64,68,121
1,0,0,52,0,3,54,11,0,58,52,55,63,69,121
1,0,10,43,1,3,53,10,0,57,53,56,63,67,121
1,0,6,48,1,4,54,11,0,59,54,58,65,70,125
1,0,9,45,1,2,53,12,0,56,54,56,66,68,123
1,0,7,44,1,3,55,12,0,59,51,54,63,71,123
1,0,10,46,1,2,55,7,0,58,56,58,63,65,122
1,0,7,50,1,4,48,10,0,53,57,61,67,63,121
1,0,8,49,1,4,50,8,0,55,57,61,65,63,121
1,0,9,47,0,3,51,12,0,55,56,59,68,67,123
1,0,10,41,0,2,55,12,0,58,51,53,63,70,121
1,0,7,47,0,6,48,12,0,55,54,60,66,67,121
0,0,0,55,1,3,51,13,0,54,55,58,68,67,123
1,0,8,48,0,4,52,8,0,57,56,60,64,65,121
1,0,7,48,1,3,52,11,0,56,55,58,66,67,123
1,0,0,51,1,3,57,8,0,61,51,54,59,69,121
1,0,10,44,0,2,52,12,0,55,54,56,66,67,121
1,0,8,45,0,3,53,12,0,57,53,56,65,69,122
1,0,9,43,1,3,58,9,0,62,52,55,61,71,124
1,0,7,46,0,3,51,15,0,55,53,56,68,70,123
1,0,7,49,0,3,50,10,0,54,56,59,66,64,120
1,0,6,49,0,3,53,8,0,57,55,58,63,65,120
0,0,7,51,0,3,52,9,0,55,58,61,67,64,122
1,0,7,55,0,2,47,9,0,50,62,64,71,59,121
1,0,8,46,1,2,49,14,0,52,54,56,68,66,121
0,0,0,53,0,5,56,10,0,61,53,58,63,71,124
1,0,8,43,1,1,55,13,0,57,51,52,64,70,122
1,0,8,49,1,4,50,11,0,55,57,61,68,66,124
1,0,8,45,1,2,53,11,0,56,53,55,64,67,121
0,0,8,48,0,3,51,11,0,54,56,59,67,65,121
3,0,15,43,0,4,48,10,0,55,58,62,68,65,123
5,0,7,48,1,3,51,8,0,59,55,58,63,67,123
1,0,7,46,0,3,50,15,0,54,53,56,68,69,122
1,0,11,42,0,4,50,14,0,55,53,57,67,69,122
0,0,8,49,1,5,51,11,0,56,57,62,68,67,125
1,0,6,46,1,4,54,10,0,59,52,56,62,69,122
1,0,8,49,0,4,51,12,0,56,57,61,69,68,125
1,0,8,50,0,2,48,12,0,51,58,60,70,63,121
1,0,0,52,1,5,53,10,0,59,52,57,62,69,122
1,0,7,49,1,1,53,9,0,55,56,57,65,64,121
1,0,8,53,0,4,46,12,0,51,61,65,73,63,124
1,0,9,45,0,4,46,15,0,51,54,58,69,66,120
1,0,9,46,0,4,54,8,0,59,55,59,63,67,122
1,0,9,45,0,2,55,9,0,58,54,56,63,67,121
0,0,11,44,0,3,52,12,0,55,55,58,67,67,122
0,0,11,47,1,4,50,10,0,54,58,62,68,64,123
2,0,7,46,0,2,53,11,0,57,53,55,64,68,121
1,0,9,46,1,2,51,12,0,54,55,57,67,66,122
1,0,7,50,0,4,51,9,0,56,57,61,66,65,122
1,0,8,48,0,3,47,13,0,51,56,59,69,64,120
1,0,10,51,0,2,47,11,0,50,61,63,72,61,122
0,0,9,43,0,1,54,13,0,55,52,53,65,68,120
1,0,9,44,0,5,53,12,0,59,53,58,65,71,124
1,0,10,44,0,6,50,13,0,57,54,60,67,70,124
1,0,9,49,0,3,50,10,0,54,58,61,68,64,122
1,0,8,43,1,3,54,11,0,58,51,54,62,69,121
1,0,8,53,0,5,44,9,0,50,61,66,70,59,120
0,0,0,53,0,3,55,10,0,58,53,56,63,68,121
0,0,7,49,1,2,53,9,0,55,56,58,65,64,121
0,0,0,49,1,4,58,9,0,62,49,53,58,71,121
1,0,8,49,1,2,45,16,0,48,57,59,73,64,122
1,0,10,45,1,4,54,10,0,59,55,59,65,69,125
1,0,9,49,1,4,52,8,0,57,58,62,66,65,124
0,0,9,48,1,4,53,9,0,57,57,61,66,66,124
0,0,0,49,0,2,54,15,0,56,49,51,64,71,120
1,0,9,47,0,5,50,11,0,56,56,61,67,67,123
1,0,7,48,0,3,46,16,0,50,55,58,71,66,121
1,0,9,44,0,2,54,11,0,57,53,55,64,68,121
1,0,9,44,1,2,56,9,0,59,53,55,62,68,122
2,0,7,48,1,2,49,12,0,53,55,57,67,65,121
0,0,8,54,1,3,45,11,0,48,62,65,73,59,122
1,0,0,51,0,6,57,8,0,64,51,57,59,72,123
1,0,0,54,1,4,52,12,0,57,54,58,66,69,124
1,0,7,51,0,2,46,14,0,49,58,60,72,63,121
1,0,0,51,0,2,58,9,0,61,51,53,60,70,121
0,0,8,46,1,3,52,12,0,55,54,57,66,67,122
1,0,0,51,0,3,55,13,0,59,51,54,64,72,123
1,0,8,45,1,3,51,13,0,55,53,56,66,68,122
1,0,11,47,1,3,50,9,0,54,58,61,67,63,122
1,0,8,46,1,3,53,11,0,57,54,57,65,68,123
1,0,10,45,1,3,52,9,0,56,55,58,64,65,121
0,0,7,49,1,2,50,12,0,52,56,58,68,64,121
1,0,7,52,0,4,48,12,0,53,59,63,71,65,124
1,0,7,49,1,5,51,11,0,57,56,61,67,68,125
1,0,9,52,0,5,48,9,0,54,61,66,70,63,124
1,0,6,51,0,4,50,11,0,55,57,61,68,66,123
1,0,8,48,1,5,52,11,0,58,56,61,67,69,126
1,0,9,44,1,2,56,9,0,59,53,55,62,68,122
1,0,7,49,0,4,50,10,0,55,56,60,66,65,121
0,0,7,47,0,2,54,10,0,56,54,56,64,66,120
3,0,6,52,0,5,48,8,0,56,58,63,66,64,122
1,0,8,47,1,3,53,11,0,57,55,58,66,68,124
1,0,9,46,1,2,48,14,0,51,55,57,69,65,121
1,0,9,46,1,3,51,13,0,55,55,58,68,68,124
0,0,7,52,1,3,51,8,0,54,59,62,67,62,122
1,0,9,45,0,3,54,9,0,58,54,57,63,67,121
3,0,8,46,1,4,50,12,0,57,54,58,66,69,124
1,0,8,48,0,4,50,11,0,55,56,60,67,66,122
1,0,7,45,1,2,53,12,0,56,52,54,64,68,121
1,0,10,43,1,3,54,11,0,58,53,56,64,69,123
1,0,8,52,1,2,48,10,0,51,60,62,70,61,122
4,0,10,45,0,5,49,10,0,58,55,60,65,68,123
0,0,13,42,1,4,49,15,0,53,55,59,70,68,124
2,0,8,47,0,2,52,10,0,56,55,57,65,66,121
0,0,10,40,1,1,58,11,0,59,50,51,61,70,121
0,0,6,47,1,4,51,13,0,55,53,57,66,68,122
1,0,8,48,1,2,53,10,0,56,56,58,66,66,123
1,0,0,55,0,3,55,8,0,59,55,58,63,67,122
1,0,8,47,0,4,52,9,0,57,55,59,64,66,121
1,0,8,49,1,1,49,11,0,51,57,58,68,62,120
1,0,9,48,0,3,48,13,0,52,57,60,70,65,122
1,0,7,44,1,2,57,11,0,60,51,53,62,71,123
1,0,12,41,1,2,53,12,0,56,53,55,65,68,122
0,0,9,46,1,5,53,10,0,58,55,60,65,68,124
1,0,7,48,0,1,52,11,0,54,55,56,66,65,120
1,0,11,48,1,3,50,9,0,54,59,62,68,63,123
1,0,8,47,0,3,52,9,0,56,55,58,64,65,120
0,0,9,47,0,2,50,12,0,52,56,58,68,64,120
1,0,9,47,1,3,48,15,0,52,56,59,71,67,124
2,0,7,53,1,2,48,9,0,52,60,62,69,61,122
1,0,8,42,1,4,56,12,0,61,50,54,62,73,124
1,0,9,47,0,3,53,9,0,57,56,59,65,66,122
1,0,8,44,1,4,55,10,0,60,52,56,62,70,123
0,0,7,48,0,2,52,11,0,54,55,57,66,65,120
1,0,11,42,1,2,51,14,0,54,53,55,67,68,122
0,0,12,41,0,4,53,12,0,57,53,57,65,69,122
1,0,7,49,1,3,52,10,0,56,56,59,66,66,123
1,0,10,46,0,2,52,10,0,55,56,58,66,65,121
1,0,7,49,0,2,51,12,0,54,56,58,68,66,122
1,0,0,50,1,4,60,8,0,65,50,54,58,73,124
2,0,7,49,0,3,54,7,0,59,56,59,63,66,122
1,0,10,47,0,3,52,7,0,56,57,60,64,63,120
1,0,9,44,0,4,58,8,0,63,53,57,61,71,124
0,0,9,47,1,3,51,12,0,54,56,59,68,66,123
0,0,12,44,0,5,51,12,0,56,56,61,68,68,124
1,0,0,55,0,4,54,9,0,59,55,59,64,68,123
2,0,10,47,1,2,51,9,0,55,57,59,66,64,122
1,0,13,45,1,5,48,12,0,54,58,63,70,66,125
1,0,7,50,0,4,51,7,0,56,57,61,64,63,120
2,0,0,51,0,4,55,11,0,61,51,55,62,72,123
1,0,9,51,1,3,49,8,0,53,60,63,68,61,122
1,0,7,49,0,3,49,13,0,53,56,59,69,66,122
1,0,11,42,1,3,53,12,0,57,53,56,65,69,123
1,0,9,45,1,2,49,14,0,52,54,56,68,66,121
1,0,8,46,0,2,54,11,0,57,54,56,65,68,122
0,0,8,42,1,6,46,18,0,52,50,56,68,70,121
1,0,7,47,0,2,55,9,0,58,54,56,63,67,121
1,0,6,51,1,2,50,11,0,53,57,59,68,64,122
0,0,8,49,1,2,51,10,0,53,57,59,67,63,121
1,0,9,42,1,2,55,13,0,58,51,53,64,71,123
1,0,0,54,0,3,55,8,0,59,54,57,62,67,121
1,0,10,49,1,4,52,7,0,57,59,63,66,64,124
1,0,8,45,0,3,49,15,0,53,53,56,68,68,121
1,0,8,48,0,4,50,11,0,55,56,60,67,66,122
1,0,6,50,1,0,52,10,0,53,56,56,66,63,120
1,0,11,46,1,4,50,12,0,55,57,61,69,67,125
1,0,9,44,0,1,53,12,0,55,53,54,65,67,120
1,0,7,50,0,2,47,14,0,50,57,59,71,64,121
1,0,9,44,0,4,54,11,0,59,53,57,64,70,123
1,0,8,48,1,4,53,10,0,58,56,60,66,68,125
0,0,8,46,0,3,56,9,0,59,54,57,63,68,122
0,0,8,48,0,3,52,11,0,55,56,59,67,66,122
0,0,8,45,0,2,53,12,0,55,53,55,65,67,120
1,0,8,44,1,3,55,11,0,59,52,55,63,70,123
2,0,7,45,0,3,46,19,0,51,52,55,71,70,122
0,0,7,52,1,3,48,11,0,51,59,62,70,62,122
0,0,9,47,1,3,51,12,0,54,56,59,68,66,123
1,0,7,51,1,5,47,12,0,53,58,63,70,65,124
1,0,8,52,0,4,49,9,0,54,60,64,69,63,123
2,0,10,45,1,4,51,11,0,57,55,59,66,68,124
1,0,8,47,1,4,53,10,0,58,55,59,65,68,124
1,0,9,49,1,2,52,9,0,55,58,60,67,64,123
1,0,9,53,1,3,47,10,0,51,62,65,72,61,124
1,0,8,47,1,3,51,11,0,55,55,58,66,66,122
3,0,11,45,0,3,49,11,0,55,56,59,67,66,122
1,0,12,42,0,3,52,11,0,56,54,57,65,67,121
1,0,7,49,1,2,52,10,0,55,56,58,66,65,122
1,0,0,55,1,3,52,10,0,56,55,58,65,66,122
0,0,9,47,0,2,51,12,0,53,56,58,68,65,121
0,0,9,46,0,4,51,10,0,55,55,59,65,65,120
1,0,8,43,1,2,57,11,0,60,51,53,62,71,123
1,0,8,45,1,2,48,17,0,51,53,55,70,68,122
1,0,10,47,1,2,49,12,0,52,57,59,69,64,122
1,0,7,51,1,2,50,10,0,53,58,60,68,63,122
0,0,8,47,0,2,55,8,0,57,55,57,63,65,120
2,0,13,43,0,5,49,12,0,56,56,61,68,68,124
1,0,7,51,0,3,49,10,0,53,58,61,68,63,121
0,0,7,49,1,3,52,11,0,55,56,59,67,66,123
1,0,6,49,1,3,49,13,0,53,55,58,68,66,122
0,0,10,52,1,3,46,11,0,49,62,65,73,60,123
0,0,9,45,1,2,52,13,0,54,54,56,67,67,122
1,0,7,49,0,3,48,15,0,52,56,59,71,67,123
1,0,10,46,1,4,50,11,0,55,56,60,67,66,123
2,0,12,46,1,2,46,13,0,50,58,60,71,63,122
1,0,8,50,0,1,51,10,0,53,58,59,68,63,121
1,0,7,47,1,2,53,10,0,56,54,56,64,66,121
1,0,7,51,1,2,49,11,0,52,58,60,69,63,122
1,0,9,47,1,2,51,11,0,54,56,58,67,65,122
0,0,10,42,0,5,56,11,0,61,52,57,63,72,124
1,0,8,50,0,3,51,10,0,55,58,61,68,65,123
1,0,0,60,1,4,48,10,0,53,60,64,70,63,124
0,0,8,49,0,1,53,9,0,54,57,58,66,63,120
2,0,11,40,0,4,56,10,0,62,51,55,61,72,123
1,0,7,47,0,5,56,9,0,62,54,59,63,71,125
1,0,9,45,0,3,51,13,0,55,54,57,67,68,122
1,0,7,45,1,3,55,10,0,59,52,55,62,69,122
2,0,9,49,0,4,49,9,0,55,58,62,67,64,122
0,0,8,46,0,4,53,12,0,57,54,58,66,69,123
0,0,8,50,1,1,49,12,0,50,58,59,70,62,121
1,0,9,50,1,3,51,7,0,55,59,62,66,62,122
0,0,7,55,0,5,46,9,0,51,62,67,71,60,122
0,0,7,51,0,4,50,10,0,54,58,62,68,64,122
0,0,9,47,1,3,51,12,0,54,56,59,68,66,123
1,0,9,51,0,1,44,15,0,46,60,61,75,61,121
1,0,9,48,1,4,49,11,0,54,57,61,68,65,123
2,0,8,47,1,4,51,10,0,57,55,59,65,67,123
2,0,11,47,1,1,46,13,0,49,58,59,71,62,121
1,0,8,47,0,3,51,13,0,55,55,58,68,68,123
1,0,9,45,1,4,52,11,0,57,54,58,65,68,123
1,0,8,47,1,4,52,12,0,57,55,59,67,69,125
0,0,10,46,0,4,52,11,0,56,56,60,67,67,123
1,0,8,48,1,1,53,10,0,55,56,57,66,65,122
0,0,10,47,0,2,53,9,0,55,57,59,66,64,121
0,0,9,49,1,4,52,9,0,56,58,62,67,65,124
2,0,10,42,0,3,57,7,0,62,52,55,59,69,121
2,0,11,44,1,3,48,13,0,53,55,58,68,66,122
0,0,0,52,0,5,54,11,0,59,52,57,63,70,122
2,0,10,45,1,3,50,12,0,55,55,58,67,67,123
1,0,9,49,0,4,46,13,0,51,58,62,71,64,122
1,0,6,46,1,3,60,7,0,64,52,55,59,71,124
1,0,7,55,1,5,43,10,0,49,62,67,72,59,122
1,0,7,48,0,3,51,13,0,55,55,58,68,68,123
1,0,10,44,0,2,53,10,0,56,54,56,64,66,120
1,0,8,52,1,3,45,13,0,49,60,63,73,62,123
2,0,7,50,1,2,49,10,0,53,57,59,67,63,121
0,0,9,48,1,3,51,10,0,54,57,60,67,64,122
1,0,7,47,1,2,49,15,0,52,54,56,69,67,122
1,0,0,49,1,3,59,10,0,63,49,52,59,73,123
1,0,10,51,1,2,46,9,0,49,61,63,70,58,120
1,0,7,50,1,2,52,9,0,55,57,59,66,64,122
2,0,6,50,1,4,48,12,0,54,56,60,68,66,123
1,0,7,47,0,5,54,10,0,60,54,59,64,70,124
1,0,7,47,0,1,55,9,0,57,54,55,63,66,120
1,0,9,44,0,4,54,12,0,59,53,57,65,71,124
0,0,7,49,0,4,55,8,0,59,56,60,64,67,123
1,0,11,45,1,5,49,11,0,55,56,61,67,66,123
1,0,7,51,1,2,49,11,0,52,58,60,69,63,122
1,0,9,47,0,4,52,11,0,57,56,60,67,68,124
2,0,11,48,0,3,46,11,0,51,59,62,70,62,121
1,0,8,46,0,4,52,11,0,57,54,58,65,68,122
1,0,8,49,1,4,54,6,0,59,57,61,63,65,123
1,0,6,46,0,2,53,13,0,56,52,54,65,69,121
1,0,0,51,1,3,58,10,0,62,51,54,61,72,124
1,0,8,43,0,5,56,12,0,62,51,56,63,74,125
1,0,13,41,1,2,52,12,0,55,54,56,66,67,122
1,0,6,48,0,3,51,12,0,55,54,57,66,67,121
1,0,7,45,1,4,55,11,0,60,52,56,63,71,124
1,0,9,43,1,3,58,8,0,62,52,55,60,70,123
1,0,6,52,0,2,51,8,0,54,58,60,66,62,120
1,0,7,48,1,1,54,10,0,56,55,56,65,66,122
1,0,8,45,1,8,47,11,0,56,53,61,64,67,121
1,0,11,50,1,2,44,13,0,47,61,63,74,60,122
1,0,7,45,0,3,55,10,0,59,52,55,62,69,121
3,0,12,44,1,4,52,8,0,59,56,60,64,67,124
0,0,9,46,1,3,51,11,0,54,55,58,66,65,121
5,0,8,39,1,2,56,12,0,63,47,49,59,75,123
1,0,6,53,0,3,51,8,0,55,59,62,67,63,122
1,0,7,47,1,4,47,14,0,52,54,58,68,66,121
1,0,8,49,0,5,48,13,0,54,57,62,70,67,124
2,0,9,43,0,4,51,13,0,57,52,56,65,70,122
0,0,7,52,0,2,50,10,0,52,59,61,69,62,121
0,0,9,50,0,3,49,10,0,52,59,62,69,62,121
1,0,10,51,1,3,45,12,0,49,61,64,73,61,123
1,0,8,47,0,3,53,9,0,57,55,58,64,66,121
1,0,9,48,1,4,49,11,0,54,57,61,68,65,123
1,0,8,48,0,2,52,11,0,55,56,58,67,66,122
1,0,8,47,1,3,54,8,0,58,55,58,63,66,122
2,0,0,54,1,2,51,12,0,55,54,56,66,67,122
3,0,9,49,0,3,49,9,0,55,58,61,67,64,122
1,0,7,45,1,2,53,12,0,56,52,54,64,68,121
1,0,8,53,0,4,46,11,0,51,61,65,72,62,123
1,0,13,42,0,2,52,10,0,55,55,57,65,65,120
1,0,8,48,1,3,50,10,0,54,56,59,66,64,121
1,0,7,49,1,2,52,9,0,55,56,58,65,64,121
0,0,8,51,1,3,48,10,0,51,59,62,69,61,121
1,0,9,45,0,2,53,12,0,56,54,56,66,68,122
1,0,7,48,1,5,49,13,0,55,55,60,68,68,124
1,0,7,48,1,4,49,14,0,54,55,59,69,68,124
1,0,0,52,0,4,57,9,0,62,52,56,61,71,123
1,0,6,48,1,3,52,12,0,56,54,57,66,68,123
1,0,9,47,0,3,50,11,0,54,56,59,67,65,121
1,0,7,48,1,2,52,10,0,55,55,57,65,65,121
2,0,10,41,1,2,53,13,0,57,51,53,64,70,122
2,0,11,44,1,4,50,12,0,56,55,59,67,68,124
0,0,9,49,1,2,45,16,0,47,58,60,74,63,122
0,0,7,47,1,5,54,10,0,59,54,59,64,69,124
1,0,8,45,1,3,52,14,0,56,53,56,67,70,124
1,0,9,48,0,4,45,15,0,50,57,61,72,65,122
0,0,7,48,1,3,52,12,0,55,55,58,67,67,123
2,0,7,50,1,4,47,12,0,53,57,61,69,65,123
1,0,7,52,0,2,48,11,0,51,59,61,70,62,121
1,0,9,49,0,2,48,12,0,51,58,60,70,63,121
1,0,8,48,1,3,49,14,0,53,56,59,70,67,124
1,0,10,49,1,2,52,8,0,55,59,61,67,63,123
1,0,7,48,0,3,51,13,0,55,55,58,68,68,123
1,0,10,45,0,3,48,15,0,52,55,58,70,67,122
1,0,7,48,1,4,50,12,0,55,55,59,67,67,123
2,0,11,44,1,2,49,11,0,53,55,57,66,64,120
1,0,9,48,1,2,50,10,0,53,57,59,67,63,121
1,0,8,50,1,3,44,16,0,48,58,61,74,64,123
1,0,6,49,0,4,55,8,0,60,55,59,63,68,123
1,0,8,48,0,5,52,9,0,58,56,61,65,67,123
1,0,8,46,1,4,49,12,0,54,54,58,66,66,121
0,0,10,49,1,2,47,13,0,49,59,61,72,62,122
1,0,11,45,1,5,54,8,0,60,56,61,64,68,125
0,0,9,49,1,1,51,10,0,52,58,59,68,62,121
1,0,0,53,1,5,48,15,0,54,53,58,68,69,123
2,0,15,42,1,6,52,9,0,60,57,63,66,69,127
3,0,0,47,0,3,57,10,0,63,47,50,57,73,120
0,0,10,40,0,4,56,12,0,60,50,54,62,72,122
1,0,11,49,1,4,46,12,0,51,60,64,72,63,124
1,0,8,53,0,2,46,10,0,49,61,63,71,59,120
1,0,7,50,1,4,46,13,0,51,57,61,70,64,122
1,0,9,43,0,2,53,13,0,56,52,54,65,69,121
1,0,7,50,1,3,48,13,0,52,57,60,70,65,123
1,0,8,48,1,4,50,12,0,55,56,60,68,67,124
3,0,10,45,1,3,49,12,0,55,55,58,67,67,123
1,0,9,49,1,2,53,8,0,56,58,60,66,64,123
1,0,10,46,1,3,53,9,0,57,56,59,65,66,123
0,0,11,45,1,4,51,12,0,55,56,60,68,67,124
1,0,10,45,1,4,51,14,0,56,55,59,69,70,126
1,0,7,50,1,5,46,13,0,52,57,62,70,65,123
1,0,7,53,1,3,47,11,0,51,60,63,71,62,123
1,0,7,49,1,2,50,11,0,53,56,58,67,64,121
1,0,10,46,0,4,54,9,0,59,56,60,65,68,124
1,0,9,41,1,2,54,13,0,57,50,52,63,70,121
1,0,13,40,1,2,50,15,0,53,53,55,68,68,122
1,0,11,44,1,5,54,9,0,60,55,60,64,69,125
1,0,10,42,1,4,55,12,0,60,52,56,64,72,125
1,0,10,44,1,3,52,12,0,56,54,57,66,68,123
1,0,8,48,1,2,52,10,0,55,56,58,66,65,122
0,0,8,53,1,4,49,7,0,53,61,65,68,60,122
0,0,9,44,1,2,53,13,0,55,53,55,66,68,122
1,0,9,43,0,1,53,13,0,55,52,53,65,68,120
1,0,8,46,1,5,56,8,0,62,54,59,62,70,125
0,0,6,50,1,4,52,9,0,56,56,60,65,65,122
1,0,9,50,1,0,47,14,0,48,59,59,73,62,122
1,0,9,45,1,2,53,10,0,56,54,56,64,66,121
1,0,6,47,1,3,54,10,0,58,53,56,63,68,122
1,0,8,45,1,2,49,14,0,52,53,55,67,66,120
0,0,7,52,0,5,49,10,0,54,59,64,69,64,123
1,0,8,52,1,3,48,11,0,52,60,63,71,63,124
1,0,12,42,1,4,52,11,0,57,54,58,65,68,123
1,0,9,48,0,2,50,11,0,53,57,59,68,64,121
2,0,0,53,1,3,52,10,0,57,53,56,63,67,121
1,0,10,47,0,4,53,9,0,58,57,61,66,67,124
1,0,9,50,1,2,44,15,0,47,59,61,74,62,122
1,0,6,48,1,3,54,9,0,58,54,57,63,67,122
1,0,8,46,0,2,54,10,0,57,54,56,64,67,121
1,0,7,48,0,4,54,9,0,59,55,59,64,68,123
0,0,7,50,0,4,52,9,0,56,57,61,66,65,122
0,0,11,45,1,3,47,15,0,50,56,59,71,65,122
0,0,8,43,0,2,57,10,0,59,51,53,61,69,120
1,0,10,43,0,5,54,12,0,60,53,58,65,72,125
1,0,10,44,1,3,47,17,0,51,54,57,71,68,123
1,0,9,43,0,2,55,12,0,58,52,54,64,70,122
1,0,8,50,0,3,51,9,0,55,58,61,67,64,122
0,0,7,49,0,2,53,9,0,55,56,58,65,64,120
1,0,6,49,0,2,54,8,0,57,55,57,63,65,120
1,0,8,45,0,4,56,10,0,61,53,57,63,71,124
1,0,7,51,0,4,50,10,0,55,58,62,68,65,123
1,0,6,49,1,2,50,13,0,53,55,57,68,66,122
1,0,7,46,0,3,52,11,0,56,53,56,64,67,120
0,0,9,45,0,4,53,11,0,57,54,58,65,68,122
1,0,11,46,1,5,49,11,0,55,57,62,68,66,124
1,0,0,52,1,4,52,12,0,57,52,56,64,69,122
0,0,11,42,1,4,54,12,0,58,53,57,65,70,124
2,0,7,48,1,4,50,10,0,56,55,59,65,66,122
1,0,6,50,0,3,51,11,0,55,56,59,67,66,122
1,0,10,43,1,2,53,11,0,56,53,55,64,67,121
1,0,7,50,0,4,50,12,0,55,57,61,69,67,124
1,0,11,43,1,3,53,11,0,57,54,57,65,68,123
1,0,9,49,1,2,47,12,0,50,58,60,70,62,121
0,0,8,52,0,3,49,9,0,52,60,63,69,61,121
1,0,9,44,1,3,54,11,0,58,53,56,64,69,123
1,0,7,47,1,5,54,10,0,60,54,59,64,70,125
0,0,0,58,0,4,51,8,0,55,58,62,66,63,121
0,0,11,47,0,3,48,14,0,51,58,61,72,65,123
1,0,9,49,1,2,52,8,0,55,58,60,66,63,122
0,0,8,49,0,3,47,14,0,50,57,60,71,64,121
0,0,9,47,1,3,47,14,0,50,56,59,70,64,121
1,0,6,49,1,3,53,9,0,57,55,58,64,66,122
1,0,7,50,1,3,51,10,0,55,57,60,67,65,123
1,0,11,36,0,3,61,10,0,65,47,50,57,75,122
0,0,10,44,1,4,55,10,0,59,54,58,64,69,124
1,0,11,45,1,4,51,11,0,56,56,60,67,67,124
1,0,7,50,0,0,50,13,0,51,57,57,70,64,121
1,0,8,48,0,2,48,13,0,51,56,58,69,64,120
1,0,7,48,0,2,50,13,0,53,55,57,68,66,121
2,0,7,48,1,4,51,10,0,57,55,59,65,67,123
1,0,9,44,1,3,52,14,0,56,53,56,67,70,124
1,0,7,48,0,4,49,13,0,54,55,59,68,67,122
1,0,10,47,1,4,48,14,0,53,57,61,71,67,125
1,0,9,46,0,0,54,11,0,55,55,55,66,66,121
1,0,7,46,0,3,54,11,0,58,53,56,64,69,122
1,0,7,46,1,4,55,10,0,60,53,57,63,70,124
1,0,9,45,0,4,52,13,0,57,54,58,67,70,124
1,0,0,56,0,4,49,12,0,54,56,60,68,66,122
2,0,9,47,1,2,55,6,0,59,56,58,62,65,122
1,0,8,49,1,2,52,9,0,55,57,59,66,64,122
1,0,8,49,0,5,52,9,0,58,57,62,66,67,124
1,0,11,45,1,2,51,10,0,54,56,58,66,64,121
0,0,12,47,1,3,49,10,0,52,59,62,69,62,122
1,0,8,46,0,2,52,11,0,55,54,56,65,66,120
0,0,0,57,1,4,52,9,0,56,57,61,66,65,123
1,0,8,50,0,4,49,10,0,54,58,62,68,64,122
1,0,8,47,0,2,50,13,0,53,55,57,68,66,121
1,0,0,54,1,2,53,12,0,56,54,56,66,68,123
1,0,10,46,1,3,49,12,0,53,56,59,68,65,122
1,0,11,45,0,2,50,13,0,53,56,58,69,66,122
1,0,8,45,0,2,51,14,0,54,53,55,67,68,121
2,0,6,51,0,2,51,8,0,55,57,59,65,63,120
2,0,7,50,1,3,47,11,0,52,57,60,68,63,121
0,0,9,47,0,2,51,11,0,53,56,58,67,64,120
0,0,10,48,1,5,49,11,0,54,58,63,69,65,124
2,0,7,48,1,5,52,10,0,59,55,60,65,69,125
0,0,10,44,1,2,51,14,0,53,54,56,68,67,122
1,0,9,47,0,3,53,9,0,57,56,59,65,66,122
1,0,10,41,1,2,55,11,0,58,51,53,62,69,121
1,0,13,42,0,3,51,10,0,55,55,58,65,65,120
2,0,10,45,0,4,50,12,0,56,55,59,67,68,123
1,0,10,47,1,2,53,8,0,56,57,59,65,64,122
1,0,8,46,0,2,51,13,0,54,54,56,67,67,121
1,0,11,50,1,3,46,12,0,50,61,64,73,62,124
1,0,7,47,0,2,55,9,0,58,54,56,63,67,121
1,0,14,42,1,2,51,10,0,54,56,58,66,64,121
0,0,10,50,0,3,48,10,0,51,60,63,70,61,121
0,0,6,48,1,4,52,11,0,56,54,58,65,67,122
1,0,8,52,0,4,48,10,0,53,60,64,70,63,123
1,0,8,50,1,3,50,9,0,54,58,61,67,63,122
1,0,8,45,1,5,52,13,0,58,53,58,66,71,125
0,0,6,56,1,4,48,8,0,52,62,66,70,60,123
1,0,8,48,0,5,49,12,0,55,56,61,68,67,123
0,0,8,48,1,2,51,11,0,53,56,58,67,64,121
1,0,7,43,1,5,55,13,0,61,50,55,63,74,125
1,0,8,51,0,5,48,11,0,54,59,64,70,65,124
1,0,8,50,0,1,46,15,0,48,58,59,73,63,121
1,0,10,45,1,1,53,10,0,55,55,56,65,65,121
1,0,8,48,0,4,51,11,0,56,56,60,67,67,123
1,0,9,48,1,4,51,10,0,56,57,61,67,66,124
1,0,7,52,0,4,49,10,0,54,59,63,69,64,123
1,0,7,46,1,2,53,12,0,56,53,55,65,68,122
0,0,8,47,0,3,51,14,0,54,55,58,69,68,123
0,0,11,49,1,2,50,9,0,52,60,62,69,61,122
0,0,10,47,1,3,51,9,0,54,57,60,66,63,121
1,0,9,42,1,2,53,13,0,56,51,53,64,69,121
2,0,10,47,0,5,47,11,0,54,57,62,68,65,122
1,0,9,48,1,3,49,13,0,53,57,60,70,66,124
1,0,9,46,1,4,53,9,0,58,55,59,64,67,123
0,0,11,44,1,5,55,9,0,60,55,60,64,69,125
0,0,9,54,0,3,45,11,0,48,63,66,74,59,122
2,0,9,46,0,4,52,10,0,58,55,59,65,68,123
1,0,0,55,1,2,51,11,0,54,55,57,66,65,121
1,0,10,46,1,3,51,10,0,55,56,59,66,65,122
1,0,8,48,0,0,53,10,0,54,56,56,66,64,120
1,0,7,51,1,3,49,10,0,53,58,61,68,63,122
1,0,10,49,1,4,49,10,0,54,59,63,69,64,124
1,0,11,42,1,5,52,14,0,58,53,58,67,72,126
1,0,0,53,1,4,56,8,0,61,53,57,61,69,123
2,0,11,42,0,2,54,10,0,58,53,55,63,68,121
1,0,7,47,1,1,50,13,0,52,54,55,67,65,120
1,0,10,46,0,3,52,10,0,56,56,59,66,66,122
0,0,8,48,1,0,51,13,0,51,56,56,69,64,121
1,0,9,43,1,2,54,11,0,57,52,54,63,68,121
2,0,7,45,1,3,57,6,0,62,52,55,58,68,121
1,0,9,48,1,4,52,8,0,57,57,61,65,65,123
1,0,12,41,0,4,52,13,0,57,53,57,66,70,123
1,0,12,42,0,2,52,11,0,55,54,56,65,66,120
0,0,0,53,1,3,56,9,0,59,53,56,62,68,122
1,0,8,49,0,3,50,11,0,54,57,60,68,65,122
2,0,10,44,0,6,54,9,0,62,54,60,63,71,125
3,0,8,46,0,6,54,8,0,63,54,60,62,71,125
1,0,9,46,1,5,51,12,0,57,55,60,67,69,125
1,0,0,52,0,3,55,10,0,59,52,55,62,69,121
1,0,9,47,0,3,51,9,0,55,56,59,65,64,120
4,0,7,49,1,3,49,9,0,56,56,59,65,65,122
1,0,10,48,0,2,51,9,0,54,58,60,67,63,121
1,0,9,48,1,2,49,12,0,52,57,59,69,64,122
1,0,8,49,0,3,51,10,0,55,57,60,67,65,122
1,0,8,47,1,3,55,8,0,59,55,58,63,67,123
0,0,8,45,0,4,54,12,0,58,53,57,65,70,123
1,0,7,47,1,5,52,11,0,58,54,59,65,69,124
1,0,8,48,0,4,51,11,0,56,56,60,67,67,123
2,0,9,45,0,3,48,13,0,53,54,57,67,66,120
1,0,10,44,0,3,49,15,0,53,54,57,69,68,122
1,0,8,47,0,2,53,10,0,56,55,57,65,66,121
0,0,8,45,0,4,51,14,0,55,53,57,67,69,122
1,0,8,51,0,0,50,10,0,51,59,59,69,61,120
0,0,7,45,0,5,56,10,0,61,52,57,62,71,123
1,0,9,47,1,3,53,8,0,57,56,59,64,65,122
1,0,6,47,1,2,52,13,0,55,53,55,66,68,122
0,0,9,47,0,3,55,8,0,58,56,59,64,66,122
1,0,8,48,1,2,52,10,0,55,56,58,66,65,122
0,0,7,50,1,4,51,11,0,55,57,61,68,66,124
2,0,8,50,1,2,49,10,0,53,58,60,68,63,122
0,0,10,46,1,5,46,13,0,51,56,61,69,64,121
1,0,7,46,0,4,57,8,0,62,53,57,61,70,123
2,0,10,44,0,3,52,9,0,57,54,57,63,66,120
1,0,9,47,0,3,52,9,0,56,56,59,65,65,121
1,0,10,47,1,2,50,11,0,53,57,59,68,64,122
1,0,0,52,0,5,53,13,0,59,52,57,65,72,124
1,0,9,42,0,3,55,13,0,59,51,54,64,72,123
1,0,0,53,1,4,49,13,0,54,53,57,66,67,121
0,0,8,43,1,2,55,12,0,57,51,53,63,69,121
1,0,9,53,1,3,45,8,0,49,62,65,70,57,120
0,0,10,47,1,2,50,11,0,52,57,59,68,63,121
0,0,8,46,1,4,56,9,0,60,54,58,63,69,124
0,0,7,48,1,3,55,9,0,58,55,58,64,67,123
1,0,9,46,0,2,52,10,0,55,55,57,65,65,120
1,0,6,47,1,3,51,13,0,55,53,56,66,68,122
1,0,0,53,1,3,55,11,0,59,53,56,64,70,124
2,0,7,49,1,3,50,9,0,55,56,59,65,64,121
1,0,9,51,0,3,47,10,0,51,60,63,70,61,121
1,0,10,46,1,3,48,15,0,52,56,59,71,67,124
1,0,7,51,0,5,47,12,0,53,58,63,70,65,123
0,0,7,54,1,2,49,8,0,51,61,63,69,59,121
1,0,7,50,1,3,50,11,0,54,57,60,68,65,123
1,0,14,42,0,4,50,12,0,55,56,60,68,67,123
1,0,7,48,0,6,51,11,0,58,55,61,66,69,124
1,0,7,47,0,3,51,12,0,55,54,57,66,67,121
1,0,8,47,1,5,51,13,0,57,55,60,68,70,126
0,0,9,45,0,2,56,9,0,58,54,56,63,67,121
1,0,7,51,0,4,48,12,0,53,58,62,70,65,123
1,0,8,52,0,2,49,9,0,52,60,62,69,61,121
1,0,9,47,1,5,53,9,0,59,56,61,65,68,125
1,0,8,46,0,2,49,16,0,52,54,56,70,68,122
1,0,8,45,1,3,51,12,0,55,53,56,65,67,121
1,0,8,48,0,4,51,9,0,56,56,60,65,65,121
1,0,6,44,0,3,56,13,0,60,50,53,63,73,123
2,0,8,50,1,3,47,11,0,52,58,61,69,63,122
1,0,8,45,1,4,52,11,0,57,53,57,64,68,122
1,0,8,50,0,3,47,13,0,51,58,61,71,64,122
1,0,10,48,1,4,47,12,0,52,58,62,70,64,123
1,0,0,51,0,2,53,14,0,56,51,53,65,70,121
1,0,9,49,1,1,51,9,0,53,58,59,67,62,121
1,0,7,49,0,4,50,11,0,55,56,60,67,66,122
2,0,10,45,0,3,53,9,0,58,55,58,64,67,122
1,0,7,51,0,4,45,14,0,50,58,62,72,64,122
1,0,10,45,1,3,53,8,0,57,55,58,63,65,121
2,0,6,47,1,3,54,9,0,59,53,56,62,68,122
1,0,8,47,1,3,55,8,0,59,55,58,63,67,123
0,0,9,51,1,1,47,11,0,48,60,61,71,59,120
4,0,0,50,0,2,56,8,0,62,50,52,58,70,120
1,0,8,43,1,1,51,16,0,53,51,52,67,69,121
1,0,8,46,1,4,52,10,0,57,54,58,64,67,122
1,0,7,50,1,2,48,14,0,51,57,59,71,65,123
1,0,7,45,1,3,51,15,0,55,52,55,67,70,123
1,0,7,48,0,2,53,10,0,56,55,57,65,66,121
1,0,7,45,1,4,51,15,0,56,52,56,67,71,124
1,0,7,48,1,5,48,14,0,54,55,60,69,68,124
1,0,13,40,0,3,49,16,0,53,53,56,69,69,122
0,0,6,50,1,3,50,11,0,53,56,59,67,64,121
1,0,8,44,0,4,52,14,0,57,52,56,66,71,123
0,0,14,44,0,4,50,11,0,54,58,62,69,65,123
1,0,8,47,0,3,50,13,0,54,55,58,68,67,122
1,0,9,47,0,5,49,12,0,55,56,61,68,67,123
1,0,12,39,0,4,54,13,0,59,51,55,64,72,123
4,0,10,44,1,3,50,11,0,57,54,57,65,68,123
1,0,7,48,0,4,48,13,0,53,55,59,68,66,121
1,0,0,51,0,4,56,12,0,61,51,55,63,73,124
1,0,6,47,0,2,51,14,0,54,53,55,67,68,121
1,0,8,52,1,2,48,10,0,51,60,62,70,61,122
1,0,10,45,0,3,55,8,0,59,55,58,63,67,122
2,0,8,45,1,3,54,8,0,59,53,56,61,67,121
2,0,10,52,0,5,45,7,0,52,62,67,69,59,121
1,0,6,49,1,3,52,11,0,56,55,58,66,67,123
1,0,9,48,1,3,50,11,0,54,57,60,68,65,123
1,0,9,47,0,1,52,10,0,54,56,57,66,64,120
1,0,8,52,0,3,48,10,0,52,60,63,70,62,122
1,0,8,52,1,3,47,10,0,51,60,63,70,61,122
2,0,11,43,0,4,49,14,0,55,54,58,68,69,123
1,0,8,49,1,3,49,12,0,53,57,60,69,65,123
1,0,11,41,0,2,55,10,0,58,52,54,62,68,120
3,0,0,53,1,4,50,10,0,57,53,57,63,67,121
1,0,8,50,1,2,52,8,0,55,58,60,66,63,122
1,0,0,56,1,3,54,8,0,58,56,59,64,66,123
1,0,7,46,1,2,57,8,0,60,53,55,61,68,122
0,0,8,45,0,4,56,10,0,60,53,57,63,70,123
1,0,14,44,1,2,47,13,0,50,58,60,71,63,122
0,0,11,44,1,5,51,12,0,56,55,60,67,68,124
1,0,8,45,0,6,57,8,0,64,53,59,61,72,125
1,0,8,48,1,2,48,14,0,51,56,58,70,65,122
1,0,9,46,1,3,53,11,0,57,55,58,66,68,124
1,0,8,47,1,3,51,9,0,55,55,58,64,64,120
1,0,10,39,0,3,52,16,0,56,49,52,65,72,121
0,0,8,49,0,3,52,9,0,55,57,60,66,64,121
1,0,8,46,0,3,53,10,0,57,54,57,64,67,121
2,0,9,46,0,3,50,12,0,55,55,58,67,67,122
1,0,6,49,0,4,51,9,0,56,55,59,64,65,120
1,0,10,47,1,4,53,7,0,58,57,61,64,65,123
1,0,9,43,0,3,50,17,0,54,52,55,69,71,123
2,0,6,49,1,3,51,10,0,56,55,58,65,66,122
1,0,12,39,1,3,55,13,0,59,51,54,64,72,124
1,0,6,50,0,3,51,11,0,55,56,59,67,66,122
1,0,13,44,1,3,51,10,0,55,57,60,67,65,123
1,0,8,48,0,2,47,15,0,50,56,58,71,65,121
1,0,11,51,0,4,46,11,0,51,62,66,73,62,124
1,0,0,53,1,4,56,10,0,61,53,57,63,71,125
2,0,8,51,0,5,49,9,0,56,59,64,68,65,124
1,0,0,52,1,3,55,9,0,59,52,55,61,68,121
1,0,11,42,2,3,50,13,0,54,53,56,66,67,122
1,0,9,45,0,3,48,15,0,52,54,57,69,67,121
1,0,7,47,1,2,53,11,0,56,54,56,65,67,122
2,0,9,43,0,4,48,17,0,54,52,56,69,71,123
1,0,7,50,1,2,51,10,0,54,57,59,67,64,122
1,0,7,48,0,2,52,11,0,55,55,57,66,66,121
2,0,0,48,0,3,60,9,0,65,48,51,57,74,122
1,0,7,47,1,1,54,10,0,56,54,55,64,66,121
10,0,12,37,1,4,52,8,0,66,49,53,57,74,124
2,0,10,44,0,2,55,7,0,59,54,56,61,66,120
0,0,7,53,0,1,50,9,0,51,60,61,69,60,120
1,0,9,44,0,3,49,16,0,53,53,56,69,69,122
1,0,0,53,1,5,51,10,0,57,53,58,63,67,121
1,0,0,53,1,5,56,9,0,62,53,58,62,71,125
1,0,8,47,0,4,51,13,0,56,55,59,68,69,124
2,0,13,40,1,2,55,8,0,59,53,55,61,67,121
1,0,7,50,0,4,49,11,0,54,57,61,68,65,122
1,0,7,51,0,3,47,11,0,51,58,61,69,62,120
1,0,7,50,0,5,47,15,0,53,57,62,72,68,125
1,0,9,46,0,3,53,9,0,57,55,58,64,66,121
1,0,8,46,1,2,53,10,0,56,54,56,64,66,121
1,0,0,54,0,4,52,12,0,57,54,58,66,69,123
1,0,9,45,1,4,51,13,0,56,54,58,67,69,124
1,0,11,45,0,4,51,12,0,56,56,60,68,68,124
2,0,9,44,1,5,53,10,0,60,53,58,63,70,124
1,0,8,45,1,3,53,11,0,57,53,56,64,68,122
0,0,7,54,0,3,47,9,0,50,61,64,70,59,120
0,0,8,52,1,4,50,9,0,54,60,64,69,63,124
1,0,8,46,0,4,52,11,0,57,54,58,65,68,122
1,0,11,43,1,5,52,11,0,58,54,59,65,69,124
1,0,8,45,1,1,51,14,0,53,53,54,67,67,121
2,0,9,44,0,2,53,11,0,57,53,55,64,68,121
0,0,9,51,0,2,49,10,0,51,60,62,70,61,121
0,0,10,48,0,2,51,10,0,53,58,60,68,63,121
4,0,8,43,0,4,54,11,0,62,51,55,62,73,124
1,0,9,46,1,3,51,12,0,55,55,58,67,67,123
0,0,7,47,1,3,57,8,0,60,54,57,62,68,123
1,0,10,46,1,4,52,10,0,57,56,60,66,67,124
1,0,6,48,0,2,55,8,0,58,54,56,62,66,120
1,0,0,47,1,2,58,13,0,61,47,49,60,74,122
1,0,13,40,0,4,56,10,0,61,53,57,63,71,124
1,0,12,42,0,2,51,12,0,54,54,56,66,66,120
1,0,6,53,1,3,50,9,0,54,59,62,68,63,123
2,0,9,45,0,2,51,12,0,55,54,56,66,67,121
1,0,8,51,0,2,51,7,0,54,59,61,66,61,120
1,0,8,50,1,3,53,8,0,57,58,61,66,65,124
3,0,9,49,1,5,48,9,0,56,58,63,67,65,124
1,0,10,46,1,2,51,10,0,54,56,58,66,64,121
1,0,11,46,0,3,54,8,0,58,57,60,65,66,123
2,0,9,42,0,5,53,13,0,60,51,56,64,73,124
1,0,6,51,1,3,50,10,0,54,57,60,67,64,122
1,0,8,50,1,2,51,8,0,54,58,60,66,62,121
1,0,11,48,1,3,51,7,0,55,59,62,66,62,122
1,0,0,54,1,2,52,11,0,55,54,56,65,66,121
1,0,9,49,1,0,52,9,0,53,58,58,67,62,121
1,0,8,47,0,4,49,13,0,54,55,59,68,67,122
1,0,0,50,0,4,53,12,0,58,50,54,62,70,120
1,0,8,47,0,3,52,11,0,56,55,58,66,67,122
1,0,8,52,1,5,44,14,0,50,60,65,74,64,125
1,0,7,46,0,2,51,13,0,54,53,55,66,67,120
1,0,9,54,0,3,49,7,0,53,63,66,70,60,123
2,0,9,45,1,4,51,12,0,57,54,58,66,69,124
0,0,7,48,1,3,49,14,0,52,55,58,69,66,122
1,0,10,44,1,2,53,12,0,56,54,56,66,68,123
1,0,7,49,0,5,46,15,0,52,56,61,71,67,123
1,0,8,51,1,1,51,9,0,53,59,60,68,62,122
1,0,11,45,1,3,49,13,0,53,56,59,69,66,123
1,0,11,46,0,3,50,11,0,54,57,60,68,65,122
0,0,13,44,1,4,53,9,0,57,57,61,66,66,124
1,0,8,52,0,2,49,9,0,52,60,62,69,61,121
1,0,8,46,1,1,48,16,0,50,54,55,70,66,121
0,0,7,45,0,4,53,14,0,57,52,56,66,71,123
1,0,10,45,1,3,52,11,0,56,55,58,66,67,123
1,0,9,45,1,5,51,12,0,57,54,59,66,69,124
1,0,8,48,0,3,52,10,0,56,56,59,66,66,122
0,0,9,43,1,3,55,11,0,58,52,55,63,69,122
0,0,7,51,1,0,50,12,0,50,58,58,70,62,121
3,0,10,42,0,4,52,12,0,59,52,56,64,71,123
1,0,9,44,1,2,50,14,0,53,53,55,67,67,121
1,0,8,41,1,4,52,15,0,57,49,53,64,72,122
1,0,7,41,1,4,53,16,0,58,48,52,64,74,123
1,0,9,48,1,2,49,13,0,52,57,59,70,65,123
1,0,7,48,1,3,54,9,0,58,55,58,64,67,123
0,0,0,52,1,5,56,9,0,61,52,57,61,70,123
1,0,7,47,0,2,52,11,0,55,54,56,65,66,120
1,0,7,49,0,3,48,12,0,52,56,59,68,64,120
1,0,9,50,1,4,48,8,0,53,59,63,67,61,121
1,0,7,49,1,1,52,11,0,54,56,57,67,65,122
1,0,8,47,1,3,52,10,0,56,55,58,65,66,122
1,0,11,51,0,4,45,12,0,50,62,66,74,62,124
1,0,9,45,1,2,54,11,0,57,54,56,65,68,123
1,0,6,53,0,0,51,9,0,52,59,59,68,61,120
1,0,7,58,1,4,45,7,0,50,65,69,72,57,123
1,0,8,45,0,5,51,13,0,57,53,58,66,70,123
1,0,7,46,1,3,50,15,0,54,53,56,68,69,123
1,0,9,48,0,5,49,12,0,55,57,62,69,67,124
1,0,9,48,1,1,51,10,0,53,57,58,67,63,121
1,0,7,47,1,4,52,10,0,57,54,58,64,67,122
1,0,9,46,1,4,50,12,0,55,55,59,67,67,123
1,0,6,46,1,4,52,15,0,57,52,56,67,72,125
1,0,11,45,0,2,52,11,0,55,56,58,67,66,122
1,0,8,50,0,2,47,13,0,50,58,60,71,63,121
2,0,10,47,1,3,50,10,0,55,57,60,67,65,123
1,0,9,49,1,4,49,12,0,54,58,62,70,66,125
1,0,8,47,0,3,53,8,0,57,55,58,63,65,120
1,0,11,46,1,3,52,9,0,56,57,60,66,65,123
1,0,9,45,1,1,53,12,0,55,54,55,66,67,122
1,0,6,51,1,5,53,8,0,59,57,62,65,67,125
0,0,6,52,1,3,47,13,0,50,58,61,71,63,122
1,0,8,44,1,3,55,11,0,59,52,55,63,70,123
1,0,9,48,1,0,48,15,0,49,57,57,72,64,122
1,0,9,45,1,3,54,10,0,58,54,57,64,68,123
1,0,10,47,1,4,49,11,0,54,57,61,68,65,123
3,0,10,42,1,2,53,11,0,58,52,54,63,69,122
0,0,9,47,1,5,52,10,0,57,56,61,66,67,124
1,0,8,43,1,4,56,9,0,61,51,55,60,70,122
2,0,10,41,1,2,54,12,0,58,51,53,63,70,122
1,0,10,48,0,2,48,12,0,51,58,60,70,63,121
1,0,9,47,0,4,50,13,0,55,56,60,69,68,124
1,0,0,55,0,4,53,8,0,58,55,59,63,66,121
1,0,9,45,1,4,56,9,0,61,54,58,63,70,125
1,0,7,49,1,2,51,11,0,54,56,58,67,65,122
1,0,11,46,0,3,49,12,0,53,57,60,69,65,122
1,0,9,45,0,4,49,15,0,54,54,58,69,69,123
1,0,8,46,0,4,53,11,0,58,54,58,65,69,123
0,0,9,46,1,3,51,11,0,54,55,58,66,65,121
1,0,9,43,1,2,54,12,0,57,52,54,64,69,122
1,0,9,42,1,2,56,11,0,59,51,53,62,70,122
1,0,9,44,0,3,55,9,0,59,53,56,62,68,121
1,0,8,48,1,3,51,9,0,55,56,59,65,64,121
2,0,9,46,0,2,54,8,0,58,55,57,63,66,121
1,0,8,45,0,5,47,15,0,53,53,58,68,68,121
0,0,8,47,0,2,51,12,0,53,55,57,67,65,120
1,0,11,46,1,5,50,11,0,56,57,62,68,67,125
1,0,9,46,1,4,50,13,0,55,55,59,68,68,124
1,0,10,47,1,3,48,13,0,52,57,60,70,65,123
1,0,7,51,1,5,52,8,0,58,58,63,66,66,125
1,0,10,46,0,3,52,11,0,56,56,59,67,67,123
1,0,7,48,1,0,55,9,0,56,55,55,64,65,121
1,0,8,45,1,1,53,11,0,55,53,54,64,66,120
1,0,8,54,1,5,40,12,0,46,62,67,74,58,121
1,0,8,45,1,3,51,13,0,55,53,56,66,68,122
1,0,7,45,0,2,55,11,0,58,52,54,63,69,121
2,0,8,45,2,4,50,11,0,56,53,57,64,67,122
0,0,8,50,0,2,54,7,0,56,58,60,65,63,121
0,0,9,46,0,2,52,11,0,54,55,57,66,65,120
1,0,0,50,0,4,51,15,0,56,50,54,65,71,121
1,0,7,47,0,4,56,6,0,61,54,58,60,67,121
0,0,0,57,1,4,51,10,0,55,57,61,67,65,123
1,0,9,47,0,5,48,13,0,54,56,61,69,67,123
0,0,9,49,0,2,52,9,0,54,58,60,67,63,121
1,0,9,47,1,3,53,10,0,57,56,59,66,67,124
0,0,9,46,0,3,50,13,0,53,55,58,68,66,121
2,0,7,46,1,2,55,8,0,59,53,55,61,67,121
1,0,9,48,0,3,49,10,0,53,57,60,67,63,120
0,0,8,49,1,4,52,9,0,56,57,61,66,65,123
1,0,8,49,1,1,50,11,0,52,57,58,68,63,121
1,0,7,51,1,2,48,12,0,51,58,60,70,63,122
3,0,9,46,1,5,49,10,0,57,55,60,65,67,123
0,0,7,49,0,2,47,16,0,49,56,58,72,65,121
1,0,6,48,0,2,55,8,0,58,54,56,62,66,120
1,0,13,39,0,2,59,7,0,62,52,54,59,69,121
0,0,8,44,0,4,53,13,0,57,52,56,65,70,122
1,0,10,48,1,3,48,12,0,52,58,61,70,64,123
1,0,6,49,1,4,48,15,0,53,55,59,70,68,124
0,0,9,47,0,1,53,10,0,54,56,57,66,64,120
1,0,10,46,1,1,51,12,0,53,56,57,68,65,122
1,0,11,42,0,5,55,11,0,61,53,58,64,72,125
0,0,8,45,0,2,54,11,0,56,53,55,64,67,120
1,0,8,51,1,5,50,8,0,56,59,64,67,64,124
1,0,7,46,1,3,56,9,0,60,53,56,62,69,123
1,0,6,52,0,3,50,9,0,54,58,61,67,63,121
1,0,6,48,1,4,50,14,0,55,54,58,68,69,124
1,0,9,46,1,5,53,11,0,59,55,60,66,70,126
1,0,10,45,0,4,50,13,0,55,55,59,68,68,123
0,0,9,49,1,2,52,9,0,54,58,60,67,63,122
0,0,7,49,1,3,51,10,0,54,56,59,66,64,121
0,0,13,43,0,3,51,12,0,54,56,59,68,66,122
1,0,7,43,0,4,59,6,0,64,50,54,56,70,120
1,0,10,46,0,2,49,13,0,52,56,58,69,65,121
0,0,11,44,0,2,50,13,0,52,55,57,68,65,120
1,0,12,44,1,3,50,13,0,54,56,59,69,67,124
1,0,8,49,1,3,48,13,0,52,57,60,70,65,123
1,0,11,49,1,5,47,11,0,53,60,65,71,64,125
1,0,7,50,0,2,51,11,0,54,57,59,68,65,122
1,0,6,49,1,2,55,8,0,58,55,57,63,66,122
1,0,7,52,0,2,49,10,0,52,59,61,69,62,121
1,0,8,53,0,3,46,9,0,50,61,64,70,59,120
1,0,7,51,0,2,52,8,0,55,58,60,66,63,121
1,0,0,49,0,3,57,12,0,61,49,52,61,73,122
1,0,10,44,0,3,56,8,0,60,54,57,62,68,122
1,0,10,45,0,2,53,11,0,56,55,57,66,67,122
3,0,9,43,1,2,54,10,0,59,52,54,62,69,122
1,0,6,43,0,3,55,14,0,59,49,52,63,73,122
1,0,7,51,1,3,49,10,0,53,58,61,68,63,122
1,0,0,56,1,4,49,10,0,54,56,60,66,64,121
1,0,8,46,1,3,54,10,0,58,54,57,64,68,123
0,0,7,49,1,2,52,10,0,54,56,58,66,64,121
1,0,6,52,0,3,48,10,0,52,58,61,68,62,120
1,0,6,48,1,3,48,16,0,52,54,57,70,68,123
1,0,8,45,0,5,51,14,0,57,53,58,67,71,124
1,0,6,50,0,3,51,11,0,55,56,59,67,66,122
1,0,6,50,0,3,52,10,0,56,56,59,66,66,122
1,0,9,44,0,4,53,9,0,58,53,57,62,67,120
1,0,9,48,0,3,51,11,0,55,57,60,68,66,123
1,0,9,45,1,3,51,14,0,55,54,57,68,69,124
2,0,11,42,1,4,52,13,0,58,53,57,66,71,125
1,0,10,46,1,2,52,9,0,55,56,58,65,64,121
1,0,8,47,1,3,51,10,0,55,55,58,65,65,121
2,0,0,49,0,3,57,9,0,62,49,52,58,71,120
0,0,8,44,0,4,53,14,0,57,52,56,66,71,123
1,0,11,42,0,2,53,12,0,56,53,55,65,68,121
1,0,7,52,0,3,48,10,0,52,59,62,69,62,121
1,0,7,46,0,4,56,10,0,61,53,57,63,71,124
1,0,9,46,0,4,53,11,0,58,55,59,66,69,124
1,0,7,47,0,3,56,9,0,60,54,57,63,69,123
1,0,0,52,0,4,54,12,0,59,52,56,64,71,123
1,0,8,51,0,3,45,12,0,49,59,62,71,61,120
1,0,8,46,1,4,51,13,0,56,54,58,67,69,124
1,0,0,50,1,4,55,14,0,60,50,54,64,74,125
1,0,7,48,1,4,49,14,0,54,55,59,69,68,124
1,0,8,47,1,3,54,9,0,58,55,58,64,67,123
1,0,10,45,0,5,53,9,0,59,55,60,64,68,123
0,0,8,51,0,5,50,10,0,55,59,64,69,65,124
1,0,11,45,0,3,51,11,0,55,56,59,67,66,122
1,0,10,45,0,3,50,11,0,54,55,58,66,65,120
0,0,8,46,1,5,56,9,0,61,54,59,63,70,125
2,0,10,44,0,5,54,9,0,61,54,59,63,70,124
0,0,7,45,1,4,58,9,0,62,52,56,61,71,124
1,0,8,48,0,4,53,9,0,58,56,60,65,67,123
1,0,9,41,0,4,57,10,0,62,50,54,60,72,122
1,0,0,53,0,5,52,13,0,58,53,58,66,71,124
1,0,6,48,0,2,56,9,0,59,54,56,63,68,122
1,0,8,46,0,3,47,15,0,51,54,57,69,66,120
1,0,9,47,1,5,48,15,0,54,56,61,71,69,126
1,0,8,47,0,5,51,10,0,57,55,60,65,67,122
1,0,10,44,1,2,50,13,0,53,54,56,67,66,121
1,0,10,45,1,3,52,11,0,56,55,58,66,67,123
0,0,10,49,0,3,49,10,0,52,59,62,69,62,121
1,0,0,53,1,1,56,9,0,58,53,54,62,67,121
1,0,9,45,0,4,51,13,0,56,54,58,67,69,123
1,0,8,48,1,5,47,14,0,53,56,61,70,67,124
1,0,7,46,1,2,49,16,0,52,53,55,69,68,122
1,0,7,53,1,3,49,9,0,53,60,63,69,62,123
1,0,7,46,1,4,55,11,0,60,53,57,64,71,125
3,0,13,44,1,1,48,11,0,52,57,58,68,63,121
1,0,11,42,0,2,53,12,0,56,53,55,65,68,121
1,0,9,49,1,3,50,11,0,54,58,61,69,65,124
4,0,8,45,0,3,52,10,0,59,53,56,63,69,122
0,0,6,50,1,6,51,10,0,57,56,62,66,67,124
0,0,9,45,0,4,56,9,0,60,54,58,63,69,123
1,0,13,42,0,3,49,12,0,53,55,58,67,65,120
1,0,6,47,1,4,53,11,0,58,53,57,64,69,123
0,0,7,48,1,3,53,11,0,56,55,58,66,67,123
1,0,0,56,0,6,50,12,0,57,56,62,68,69,125
1,0,12,43,1,3,51,13,0,55,55,58,68,68,124
1,0,8,47,0,3,47,16,0,51,55,58,71,67,122
1,0,10,48,0,5,51,8,0,57,58,63,66,65,123
1,0,6,48,1,3,57,7,0,61,54,57,61,68,123
1,0,0,49,0,3,58,11,0,62,49,52,60,73,122
1,0,9,44,1,2,52,13,0,55,53,55,66,68,122
1,0,11,41,0,2,57,9,0,60,52,54,61,69,121
1,0,8,44,1,3,52,13,0,56,52,55,65,69,122
1,0,7,53,0,2,46,11,0,49,60,62,71,60,120
1,0,12,43,1,3,50,14,0,54,55,58,69,68,124
1,0,8,45,1,3,52,12,0,56,53,56,65,68,122
0,0,9,47,0,2,52,10,0,54,56,58,66,64,120
1,0,7,50,0,4,51,8,0,56,57,61,65,64,121
0,0,10,45,1,5,50,10,0,55,55,60,65,65,121
4,0,8,48,1,3,48,11,0,55,56,59,67,66,123
0,0,10,43,1,3,54,10,0,57,53,56,63,67,121
1,0,9,44,1,4,52,13,0,57,53,57,66,70,124
1,0,7,51,0,0,51,11,0,52,58,58,69,63,121
2,0,10,45,1,3,51,10,0,56,55,58,65,66,122
0,0,9,46,0,3,54,8,0,57,55,58,63,65,120
1,0,7,51,0,3,48,12,0,52,58,61,70,64,122
1,0,7,50,0,3,51,9,0,55,57,60,66,64,121
1,0,10,45,0,3,52,9,0,56,55,58,64,65,120
1,0,10,45,0,3,48,14,0,52,55,58,69,66,121
1,0,0,51,1,3,53,13,0,57,51,54,64,70,122
2,0,0,49,0,3,59,9,0,64,49,52,58,73,122
1,0,7,49,1,4,49,13,0,54,56,60,69,67,124
1,0,10,50,0,0,51,9,0,52,60,60,69,61,121
1,0,8,48,1,3,51,11,0,55,56,59,67,66,123
1,0,8,46,0,4,51,12,0,56,54,58,66,68,122
0,0,7,51,1,3,52,7,0,55,58,61,65,62,121
1,0,0,56,1,3,49,11,0,53,56,59,67,64,121
1,0,9,52,0,3,47,8,0,51,61,64,69,59,120
1,0,8,48,1,3,53,9,0,57,56,59,65,66,123
0,0,9,45,0,2,52,13,0,54,54,56,67,67,121
1,0,11,46,1,3,48,13,0,52,57,60,70,65,123
1,0,7,47,0,2,48,16,0,51,54,56,70,67,121
1,0,7,44,1,4,57,10,0,62,51,55,61,72,124
12,0,10,39,1,4,51,7,0,67,49,53,56,74,124
2,0,7,45,1,2,54,11,0,58,52,54,63,69,122
0,0,10,47,0,3,50,10,0,53,57,60,67,63,120
0,0,9,48,0,5,51,9,0,56,57,62,66,65,122
0,0,0,53,0,4,56,10,0,60,53,57,63,70,123
3,0,9,47,1,2,54,7,0,59,56,58,63,66,123
1,0,9,47,1,2,53,9,0,56,56,58,65,65,122
0,0,8,50,0,1,50,11,0,51,58,59,69,62,120
1,0,9,45,1,5,52,12,0,58,54,59,66,70,125
1,0,10,46,0,4,52,10,0,57,56,60,66,67,123
1,0,8,47,0,4,53,10,0,58,55,59,65,68,123
2,0,9,46,0,5,50,11,0,57,55,60,66,68,123
2,0,12,45,1,4,49,8,0,55,57,61,65,63,121
1,0,8,51,1,3,49,10,0,53,59,62,69,63,123
1,0,10,43,1,3,53,13,0,57,53,56,66,70,124
0,0,7,50,1,4,49,11,0,53,57,61,68,64,122
1,0,12,40,1,4,56,10,0,61,52,56,62,71,124
1,0,0,56,0,4,46,13,0,51,56,60,69,64,120
1,0,7,47,0,4,51,12,0,56,54,58,66,68,122
1,0,0,55,0,2,50,13,0,53,55,57,68,66,121
1,0,7,51,1,4,47,13,0,52,58,62,71,65,124
1,0,7,53,0,3,50,8,0,54,60,63,68,62,122
1,0,10,48,0,3,45,14,0,49,58,61,72,63,121
0,0,8,44,1,3,54,11,0,57,52,55,63,68,121
1,0,7,50,0,3,49,12,0,53,57,60,69,65,122
1,0,8,48,1,5,53,9,0,59,56,61,65,68,125
0,0,8,51,0,2,51,9,0,53,59,61,68,62,121
2,0,7,46,0,4,51,13,0,57,53,57,66,70,123
1,0,8,49,1,3,50,11,0,54,57,60,68,65,123
1,0,9,41,0,2,57,12,0,60,50,52,62,72,122
1,0,9,45,0,3,49,14,0,53,54,57,68,67,121
1,0,12,45,0,4,49,12,0,54,57,61,69,66,123
1,0,7,52,1,3,49,11,0,53,59,62,70,64,124
0,0,6,50,0,2,52,10,0,54,56,58,66,64,120
1,0,7,48,0,3,54,9,0,58,55,58,64,67,122
0,0,9,54,0,4,42,11,0,46,63,67,74,57,120
1,0,8,42,1,2,56,12,0,59,50,52,62,71,122
0,0,7,47,0,4,52,12,0,56,54,58,66,68,122
1,0,10,46,1,3,49,11,0,53,56,59,67,64,121
1,0,9,40,0,2,57,11,0,60,49,51,60,71,120
1,0,10,45,0,2,54,9,0,57,55,57,64,66,121
1,0,10,46,0,2,53,9,0,56,56,58,65,65,121
2,0,8,48,1,4,52,8,0,58,56,60,64,66,123
1,0,9,39,0,2,57,14,0,60,48,50,62,74,122
2,0,11,50,0,5,44,11,0,51,61,66,72,62,123
1,0,0,49,1,2,54,15,0,57,49,51,64,72,122
1,0,8,44,1,3,55,11,0,59,52,55,63,70,123
0,0,9,42,0,3,60,8,0,63,51,54,59,71,122
2,0,6,52,1,4,51,7,0,57,58,62,65,64,123
1,0,10,47,0,3,50,10,0,54,57,60,67,64,121
1,0,10,45,0,4,55,7,0,60,55,59,62,67,122
1,0,9,45,1,3,57,6,0,61,54,57,60,67,122
1,0,0,51,0,1,56,12,0,58,51,52,63,70,121
1,0,11,43,0,3,51,14,0,55,54,57,68,69,123
1,0,9,43,0,4,56,9,0,61,52,56,61,70,122
2,0,7,47,0,3,51,11,0,56,54,57,65,67,121
0,0,10,46,1,2,48,14,0,50,56,58,70,64,121
1,0,7,50,1,2,48,12,0,51,57,59,69,63,121
3,0,6,43,1,2,58,9,0,63,49,51,58,72,122
1,0,8,48,1,2,51,11,0,54,56,58,67,65,122
1,0,7,50,0,2,50,11,0,53,57,59,68,64,121
1,0,7,46,0,2,55,11,0,58,53,55,64,69,122
1,0,0,51,0,4,53,12,0,58,51,55,63,70,121
1,0,8,49,0,4,48,10,0,53,57,61,67,63,120
1,0,13,43,1,3,45,16,0,49,56,59,72,65,122
0,0,7,43,0,1,55,14,0,56,50,51,64,70,120
1,0,6,46,1,3,53,12,0,57,52,55,64,69,122
1,0,9,51,0,3,48,10,0,52,60,63,70,62,122
1,0,11,43,1,2,50,14,0,53,54,56,68,67,122
1,0,9,43,1,4,52,13,0,57,52,56,65,70,123
1,0,8,50,0,4,51,10,0,56,58,62,68,66,124
1,0,7,48,1,1,54,10,0,56,55,56,65,66,122
0,0,9,46,1,2,51,13,0,53,55,57,68,66,122
1,0,7,48,1,3,51,11,0,55,55,58,66,66,122
0,0,0,54,1,4,52,10,0,56,54,58,64,66,121
1,0,7,46,1,4,50,14,0,55,53,57,67,69,123
1,0,7,52,1,6,46,12,0,53,59,65,71,65,125
1,0,10,47,1,3,46,16,0,50,57,60,73,66,124
1,0,8,50,1,3,49,10,0,53,58,61,68,63,122
0,0,9,45,1,4,48,15,0,52,54,58,69,67,122
1,0,10,44,1,1,53,11,0,55,54,55,65,66,121
0,0,9,47,1,3,51,11,0,54,56,59,67,65,122
1,0,0,53,0,3,54,9,0,58,53,56,62,67,120
1,0,9,43,0,2,54,11,0,57,52,54,63,68,120
1,0,6,48,0,4,54,9,0,59,54,58,63,68,122
0,0,7,44,1,3,56,11,0,59,51,54,62,70,122
1,0,0,48,0,3,61,8,0,65,48,51,56,73,121
1,0,7,48,0,3,52,10,0,56,55,58,65,66,121
1,0,0,57,1,3,52,10,0,56,57,60,67,66,124
1,0,9,48,0,3,49,11,0,53,57,60,68,64,121
1,0,8,46,1,4,54,10,0,59,54,58,64,69,124
1,0,14,42,0,3,53,9,0,57,56,59,65,66,122
0,0,8,46,1,3,53,10,0,56,54,57,64,66,121
1,0,10,40,0,5,51,17,0,57,50,55,67,74,124
1,0,8,45,1,2,55,10,0,58,53,55,63,68,122
1,0,0,53,1,2,56,8,0,59,53,55,61,67,121
1,0,9,46,0,3,51,11,0,55,55,58,66,66,121
1,0,7,49,0,3,49,12,0,53,56,59,68,65,121
1,0,7,46,1,2,54,10,0,57,53,55,63,67,121
1,0,9,48,0,3,52,9,0,56,57,60,66,65,122
1,0,8,48,0,3,51,11,0,55,56,59,67,66,122
1,0,8,49,1,2,51,10,0,54,57,59,67,64,122
1,0,0,51,1,4,51,14,0,56,51,55,65,70,122
1,0,9,48,1,3,49,12,0,53,57,60,69,65,123
1,0,8,45,0,2,53,11,0,56,53,55,64,67,120
1,0,10,51,1,5,44,13,0,50,61,66,74,63,125
1,0,7,45,0,2,54,12,0,57,52,54,64,69,121
1,0,6,49,0,3,53,11,0,57,55,58,66,68,123
1,0,7,48,1,5,48,12,0,54,55,60,67,66,122
1,0,9,47,1,4,52,9,0,57,56,60,65,66,123
1,0,10,42,1,3,54,12,0,58,52,55,64,70,123
1,0,11,50,0,4,44,11,0,49,61,65,72,60,121
1,0,7,45,1,2,54,12,0,57,52,54,64,69,122
1,0,8,45,1,2,54,10,0,57,53,55,63,67,121
1,0,9,47,1,3,49,11,0,53,56,59,67,64,121
0,0,8,48,0,3,47,14,0,50,56,59,70,64,120
1,0,7,52,1,5,50,9,0,56,59,64,68,65,125
2,0,11,40,0,3,52,12,0,57,51,54,63,69,120
1,0,8,51,0,3,46,11,0,50,59,62,70,61,120
1,0,7,53,0,3,48,10,0,52,60,63,70,62,122
1,0,8,46,0,5,53,9,0,59,54,59,63,68,122
0,0,10,47,0,4,52,9,0,56,57,61,66,65,122
2,0,12,43,1,5,52,10,0,59,55,60,65,69,125
2,0,8,47,0,4,52,10,0,58,55,59,65,68,123
1,0,6,49,0,4,53,10,0,58,55,59,65,68,123
0,0,8,46,0,6,49,11,0,55,54,60,65,66,120
1,0,9,44,1,2,55,10,0,58,53,55,63,68,122
1,0,7,49,1,3,51,10,0,55,56,59,66,65,122
2,0,9,42,0,4,51,12,0,57,51,55,63,69,120
1,0,8,45,0,2,50,16,0,53,53,55,69,69,122
0,0,6,51,0,5,49,12,0,54,57,62,69,66,123
1,0,10,41,1,2,54,13,0,57,51,53,64,70,122
1,0,9,47,0,2,51,10,0,54,56,58,66,64,120
1,0,8,52,1,1,46,13,0,48,60,61,73,61,122
1,0,8,43,0,2,55,12,0,58,51,53,63,70,121
0,0,8,46,1,4,53,12,0,57,54,58,66,69,124
1,0,7,48,1,3,53,8,0,57,55,58,63,65,121
1,0,8,49,0,3,47,14,0,51,57,60,71,65,122
0,0,7,45,0,3,56,10,0,59,52,55,62,69,121
1,0,0,50,0,3,52,14,0,56,50,53,64,70,120
1,0,8,43,1,3,55,10,0,59,51,54,61,69,121
1,0,7,53,1,3,47,10,0,51,60,63,70,61,122
1,0,9,49,0,4,49,11,0,54,58,62,69,65,123
1,0,9,39,1,3,55,14,0,59,48,51,62,73,122
1,0,8,45,0,3,54,10,0,58,53,56,63,68,121
1,0,8,48,1,2,50,12,0,53,56,58,68,65,122
1,0,8,51,0,3,51,8,0,55,59,62,67,63,122
1,0,9,39,1,3,56,14,0,60,48,51,62,74,123
2,0,7,49,0,3,51,9,0,56,56,59,65,65,121
1,0,7,50,0,4,49,11,0,54,57,61,68,65,122
2,0,6,50,1,3,47,14,0,52,56,59,70,66,123
1,0,9,43,1,1,57,9,0,59,52,53,61,68,121
1,0,6,47,0,5,53,12,0,59,53,58,65,71,124
0,0,10,47,1,2,53,9,0,55,57,59,66,64,122
1,0,6,51,1,3,46,15,0,50,57,60,72,65,123
1,0,11,41,1,3,57,9,0,61,52,55,61,70,123
1,0,7,49,0,3,50,12,0,54,56,59,68,66,122
1,0,8,41,0,4,54,15,0,59,49,53,64,74,123
2,0,6,49,0,2,52,9,0,56,55,57,64,65,120
1,0,11,44,1,5,49,14,0,55,55,60,69,69,125
0,0,11,46,1,3,54,8,0,57,57,60,65,65,123
0,0,9,47,0,4,50,11,0,54,56,60,67,65,121
2,0,9,44,1,4,53,11,0,59,53,57,64,70,124
1,0,9,50,1,2,50,8,0,53,59,61,67,61,121
0,0,11,46,0,3,52,9,0,55,57,60,66,64,121
1,0,8,45,1,2,52,14,0,55,53,55,67,69,123
0,0,8,46,0,3,54,10,0,57,54,57,64,67,121
1,0,6,48,0,2,52,11,0,55,54,56,65,66,120
1,0,0,52,0,4,51,13,0,56,52,56,65,69,121
1,0,9,49,1,3,49,12,0,53,58,61,70,65,124
3,0,10,46,0,4,49,11,0,56,56,60,67,67,123
1,0,8,49,1,2,49,12,0,52,57,59,69,64,122
1,0,11,43,0,4,50,14,0,55,54,58,68,69,123
1,0,8,46,0,3,54,11,0,58,54,57,65,69,123
1,0,7,45,1,3,55,11,0,59,52,55,63,70,123
0,0,8,49,0,2,50,11,0,52,57,59,68,63,120
1,0,9,45,0,3,54,9,0,58,54,57,63,67,121
2,0,8,46,1,2,51,11,0,55,54,56,65,66,121
1,0,8,40,0,2,59,11,0,62,48,50,59,73,121
1,0,11,48,0,6,49,10,0,56,59,65,69,66,125
0,0,7,49,0,4,53,10,0,57,56,60,66,67,123
1,0,9,46,1,3,52,11,0,56,55,58,66,67,123
1,0,7,46,0,1,54,11,0,56,53,54,64,67,120
1,0,8,46,1,5,54,10,0,60,54,59,64,70,125
1,0,9,40,1,4,49,16,0,54,49,53,65,70,120
0,0,8,43,1,3,50,17,0,53,51,54,68,70,122
1,0,9,45,1,3,52,12,0,56,54,57,66,68,123
1,0,10,45,0,5,45,15,0,51,55,60,70,66,121
0,0,6,45,1,2,57,11,0,59,51,53,62,70,122
1,0,10,41,1,2,56,10,0,59,51,53,61,69,121
1,0,12,40,1,5,54,11,0,60,52,57,63,71,124
1,0,8,44,1,3,53,12,0,57,52,55,64,69,122
1,0,7,49,0,5,52,9,0,58,56,61,65,67,123
1,0,9,47,0,3,53,10,0,57,56,59,66,67,123
1,0,10,44,0,2,52,12,0,55,54,56,66,67,121
1,0,0,50,1,3,57,10,0,61,50,53,60,71,122
1,0,7,49,1,2,47,15,0,50,56,58,71,65,122
1,0,0,57,1,2,51,10,0,54,57,59,67,64,122
0,0,9,48,0,4,51,10,0,55,57,61,67,65,122
1,0,10,46,0,3,54,8,0,58,56,59,64,66,122
2,0,8,43,0,6,52,14,0,60,51,57,65,74,125
1,0,7,51,1,4,46,12,0,51,58,62,70,63,122
0,0,9,44,0,2,55,11,0,57,53,55,64,68,121
0,0,9,49,1,1,50,11,0,51,58,59,69,62,121
0,0,9,46,1,3,51,12,0,54,55,58,67,66,122
1,0,7,48,0,3,54,9,0,58,55,58,64,67,122
1,0,11,44,0,4,51,13,0,56,55,59,68,69,124
1,0,8,43,1,3,58,9,0,62,51,54,60,71,123
1,0,7,48,1,3,49,13,0,53,55,58,68,66,122
1,0,11,40,1,3,56,12,0,60,51,54,63,72,124
1,0,11,47,0,4,50,10,0,55,58,62,68,65,123
0,0,14,41,1,4,50,10,0,54,55,59,65,64,120
1,0,7,49,0,4,52,10,0,57,56,60,66,67,123
1,0,10,42,1,6,53,13,0,60,52,58,65,73,126
3,0,9,44,0,4,54,9,0,61,53,57,62,70,123
0,0,10,50,1,2,46,12,0,48,60,62,72,60,121
1,0,0,55,1,3,51,12,0,55,55,58,67,67,123
0,0,7,50,0,3,53,8,0,56,57,60,65,64,121
0,0,8,47,0,4,52,9,0,56,55,59,64,65,120
1,0,10,40,1,4,52,15,0,57,50,54,65,72,123
0,0,8,50,0,2,48,13,0,50,58,60,71,63,121
1,0,8,49,1,4,49,11,0,54,57,61,68,65,123
1,0,10,42,0,3,51,15,0,55,52,55,67,70,122
0,0,8,49,1,3,51,9,0,54,57,60,66,63,121
0,0,8,49,0,0,55,8,0,55,57,57,65,63,120
0,0,11,48,0,3,45,15,0,48,59,62,74,63,122
0,0,8,49,0,3,49,12,0,52,57,60,69,64,121
1,0,11,43,1,3,51,13,0,55,54,57,67,68,123
0,0,9,48,0,2,50,12,0,52,57,59,69,64,121
1,0,6,49,1,3,56,8,0,60,55,58,63,68,124
1,0,12,44,1,3,48,14,0,52,56,59,70,66,123
0,0,11,46,1,2,50,12,0,52,57,59,69,64,122
1,0,6,52,1,5,47,13,0,53,58,63,71,66,125
1,0,9,46,1,3,52,12,0,56,55,58,67,68,124
1,0,10,48,1,5,50,10,0,56,58,63,68,66,125
2,0,9,48,0,3,49,11,0,54,57,60,68,65,122
2,0,12,46,1,2,49,10,0,53,58,60,68,63,122
0,0,7,49,1,2,52,11,0,54,56,58,67,65,122
0,0,6,53,0,4,50,9,0,54,59,63,68,63,122
1,0,9,42,1,2,54,13,0,57,51,53,64,70,122
1,0,9,47,1,1,48,14,0,50,56,57,70,64,121
1,0,0,53,0,3,52,13,0,56,53,56,66,69,122
1,0,9,46,0,3,52,12,0,56,55,58,67,68,123
1,0,10,45,0,5,53,11,0,59,55,60,66,70,125
1,0,8,48,0,2,52,9,0,55,56,58,65,64,120
0,0,13,42,1,3,55,9,0,58,55,58,64,67,123
2,0,14,41,1,2,51,11,0,55,55,57,66,66,122
2,0,7,46,1,2,48,16,0,52,53,55,69,68,122
1,0,8,48,1,4,50,13,0,55,56,60,69,68,125
1,0,10,48,0,2,50,10,0,53,58,60,68,63,121
2,0,12,44,0,2,50,11,0,54,56,58,67,65,121
2,0,6,51,0,3,46,14,0,51,57,60,71,65,122
1,0,8,57,1,4,42,11,0,47,65,69,76,58,124
1,0,7,46,0,3,56,9,0,60,53,56,62,69,122
1,0,9,48,0,2,49,13,0,52,57,59,70,65,122
0,0,10,45,1,2,52,12,0,54,55,57,67,66,122
1,0,8,45,0,0,57,9,0,58,53,53,62,67,120
0,0,7,50,1,1,50,12,0,51,57,58,69,63,121
2,0,9,46,0,4,51,10,0,57,55,59,65,67,122
1,0,11,46,0,2,48,14,0,51,57,59,71,65,122
1,0,7,49,1,3,47,13,0,51,56,59,69,64,121
0,0,7,46,1,2,56,9,0,58,53,55,62,67,121
0,0,8,49,0,6,48,9,0,54,57,63,66,63,120
0,0,9,48,1,2,51,11,0,53,57,59,68,64,122
0,0,9,48,1,3,52,10,0,55,57,60,67,65,123
1,0,8,43,0,3,50,17,0,54,51,54,68,71,122
1,0,8,48,0,4,50,11,0,55,56,60,67,66,122
3,0,9,49,1,4,48,10,0,55,58,62,68,65,124
0,0,0,52,0,4,57,10,0,61,52,56,62,71,123
0,0,9,45,1,3,50,14,0,53,54,57,68,67,122
0,0,10,44,1,4,52,13,0,56,54,58,67,69,124
1,0,9,48,1,2,49,11,0,52,57,59,68,63,121
1,0,8,51,1,2,49,11,0,52,59,61,70,63,123
1,0,10,48,0,4,50,10,0,55,58,62,68,65,123
1,0,6,49,1,3,52,10,0,56,55,58,65,66,122
1,0,9,49,0,4,53,6,0,58,58,62,64,64,122
0,0,0,51,1,3,52,15,0,55,51,54,66,70,122
0,0,8,50,0,5,52,9,0,57,58,63,67,66,124
1,0,7,47,0,4,54,10,0,59,54,58,64,69,123
0,0,8,46,0,5,53,9,0,58,54,59,63,67,121
1,0,11,42,0,3,51,13,0,55,53,56,66,68,121
1,0,9,49,0,0,48,14,0,49,58,58,72,63,121
1,0,8,44,0,3,53,13,0,57,52,55,65,70,122
0,0,7,48,1,3,51,13,0,54,55,58,68,67,123
0,0,11,44,0,2,54,10,0,56,55,57,65,66,121
0,0,0,52,0,5,51,16,0,56,52,57,68,72,124
1,0,7,51,0,4,50,10,0,55,58,62,68,65,123
1,0,9,47,0,5,52,10,0,58,56,61,66,68,124
1,0,8,48,1,3,51,12,0,55,56,59,68,67,124
1,0,8,42,1,1,56,13,0,58,50,51,63,71,122
1,0,8,48,0,4,52,9,0,57,56,60,65,66,122
1,0,7,49,1,3,50,12,0,54,56,59,68,66,123
1,0,9,45,1,4,50,13,0,55,54,58,67,68,123
1,0,10,39,1,3,55,15,0,59,49,52,64,74,124
1,0,7,54,0,4,46,11,0,51,61,65,72,62,123
1,0,8,44,1,4,57,10,0,62,52,56,62,72,125
1,0,9,45,0,4,54,11,0,59,54,58,65,70,124
1,0,9,50,0,5,49,11,0,55,59,64,70,66,125
1,0,8,49,0,3,51,10,0,55,57,60,67,65,122
1,0,8,48,0,3,51,11,0,55,56,59,67,66,122
1,0,9,48,1,2,51,9,0,54,57,59,66,63,121
1,0,9,53,1,2,45,10,0,48,62,64,72,58,121
0,0,12,45,1,4,48,13,0,52,57,61,70,65,123
1,0,8,46,0,4,52,13,0,57,54,58,67,70,124
1,0,8,48,1,4,52,10,0,57,56,60,66,67,124
1,0,10,47,1,3,46,15,0,50,57,60,72,65,123
0,0,8,46,0,3,57,8,0,60,54,57,62,68,122
2,0,7,47,1,4,52,11,0,58,54,58,65,69,124
1,0,0,55,1,2,53,10,0,56,55,57,65,66,122
1,0,9,47,1,3,47,14,0,51,56,59,70,65,122
2,0,6,51,0,3,48,12,0,53,57,60,69,65,122
1,0,13,44,1,3,53,8,0,57,57,60,65,65,123
1,0,9,42,1,2,56,11,0,59,51,53,62,70,122
0,0,9,50,0,2,48,11,0,50,59,61,70,61,120
1,0,10,46,1,3,51,10,0,55,56,59,66,65,122
1,0,7,51,1,3,51,10,0,55,58,61,68,65,124
1,0,9,46,0,3,54,9,0,58,55,58,64,67,122
1,0,10,45,1,3,51,12,0,55,55,58,67,67,123
1,0,12,46,1,3,51,9,0,55,58,61,67,64,123
0,0,10,47,0,4,53,9,0,57,57,61,66,66,123
0,0,9,46,1,3,53,11,0,56,55,58,66,67,123
1,0,7,45,0,2,51,14,0,54,52,54,66,68,120
0,0,0,57,0,3,49,12,0,52,57,60,69,64,121
0,0,8,51,0,4,52,8,0,56,59,63,67,64,123
2,0,7,51,1,4,45,11,0,51,58,62,69,62,121
0,0,7,47,0,2,56,8,0,58,54,56,62,66,120
2,0,7,50,1,4,49,10,0,55,57,61,67,65,123
1,0,0,50,1,3,54,13,0,58,50,53,63,71,122
0,0,14,46,1,2,49,10,0,51,60,62,70,61,122
1,0,8,51,0,4,48,11,0,53,59,63,70,64,123
0,0,9,44,1,3,53,13,0,56,53,56,66,69,123
0,0,9,41,0,3,59,10,0,62,50,53,60,72,122
1,0,11,46,0,2,49,11,0,52,57,59,68,63,120
0,0,7,50,1,6,52,9,0,58,57,63,66,67,125
1,0,9,48,1,3,49,11,0,53,57,60,68,64,122
0,0,9,46,1,3,51,13,0,54,55,58,68,67,123
1,0,8,50,1,3,47,13,0,51,58,61,71,64,123
1,0,9,45,1,2,50,14,0,53,54,56,68,67,122
1,0,8,50,0,4,47,13,0,52,58,62,71,65,123
1,0,8,42,0,4,51,17,0,56,50,54,67,73,123
1,0,9,43,1,2,55,11,0,58,52,54,63,69,122
1,0,8,46,0,4,53,10,0,58,54,58,64,68,122
1,0,11,42,0,5,50,14,0,56,53,58,67,70,123
3,0,11,45,1,2,49,11,0,54,56,58,67,65,122
3,0,9,48,1,2,50,9,0,55,57,59,66,64,122
1,0,7,45,1,2,50,15,0,53,52,54,67,68,121
1,0,7,52,0,3,46,13,0,50,59,62,72,63,122
1,0,10,45,1,3,53,10,0,57,55,58,65,67,123
2,0,9,42,1,2,54,11,0,58,51,53,62,69,121
0,0,8,48,1,4,50,10,0,54,56,60,66,64,121
1,0,9,47,0,6,50,12,0,57,56,62,68,69,125
0,0,9,44,1,1,55,11,0,56,53,54,64,67,121
1,0,10,45,1,4,52,11,0,57,55,59,66,68,124
1,0,7,48,0,2,47,16,0,50,55,57,71,66,121
1,0,8,48,1,4,49,12,0,54,56,60,68,66,123
0,0,11,45,0,2,51,12,0,53,56,58,68,65,121
1,0,9,46,1,2,54,9,0,57,55,57,64,66,122
1,0,11,47,0,4,50,10,0,55,58,62,68,65,123
1,0,8,47,1,5,55,8,0,61,55,60,63,69,125
0,0,8,52,0,3,49,8,0,52,60,63,68,60,120
1,0,9,48,1,3,51,11,0,55,57,60,68,66,124
2,0,7,49,1,3,48,13,0,53,56,59,69,66,123
0,0,8,44,0,3,55,12,0,58,52,55,64,70,122
1,0,7,52,1,4,50,9,0,55,59,63,68,64,124
1,0,7,47,1,5,52,13,0,58,54,59,67,71,126
1,0,12,42,0,4,50,15,0,55,54,58,69,70,124
1,0,10,45,0,2,52,11,0,55,55,57,66,66,121
3,0,7,51,0,4,49,8,0,56,58,62,66,64,122
1,0,9,47,1,3,52,10,0,56,56,59,66,66,123
1,0,9,45,1,3,53,9,0,57,54,57,63,66,121
1,0,7,46,1,3,50,16,0,54,53,56,69,70,124
1,0,9,46,0,4,52,11,0,57,55,59,66,68,123
0,0,7,52,1,2,52,8,0,54,59,61,67,62,122
1,0,7,51,1,3,52,8,0,56,58,61,66,64,123
1,0,8,53,1,4,46,10,0,51,61,65,71,61,123
1,0,8,49,1,5,47,11,0,53,57,62,68,64,122
1,0,9,47,1,3,48,13,0,52,56,59,69,65,122
1,0,9,48,1,2,51,9,0,54,57,59,66,63,121
2,0,7,51,0,1,49,10,0,52,58,59,68,62,120
0,0,11,47,0,2,50,10,0,52,58,60,68,62,120
1,0,9,46,0,3,52,12,0,56,55,58,67,68,123
0,0,9,47,0,4,49,14,0,53,56,60,70,67,123
1,0,8,49,0,5,51,10,0,57,57,62,67,67,124
0,0,0,61,1,2,48,9,0,50,61,63,70,59,121
1,0,7,46,0,2,54,10,0,57,53,55,63,67,120
1,0,14,41,0,5,49,15,0,55,55,60,70,70,125
1,0,7,50,0,4,50,12,0,55,57,61,69,67,124
1,0,10,44,1,2,57,8,0,60,54,56,62,68,123
0,0,8,43,0,1,51,17,0,52,51,52,68,69,120
1,0,6,48,0,5,50,13,0,56,54,59,67,69,123
1,0,8,49,1,3,48,12,0,52,57,60,69,64,122
1,0,8,50,1,3,47,14,0,51,58,61,72,65,124
1,0,7,51,1,3,50,9,0,54,58,61,67,63,122
0,0,7,51,0,3,46,14,0,49,58,61,72,63,121
2,0,0,52,0,2,55,9,0,59,52,54,61,68,120
0,0,8,43,0,1,54,14,0,55,51,52,65,69,120
1,0,8,50,1,5,52,8,0,58,58,63,66,66,125
1,0,8,50,1,4,47,10,0,52,58,62,68,62,121
1,0,0,50,1,3,58,9,0,62,50,53,59,71,122
2,0,0,53,0,2,53,10,0,57,53,55,63,67,120
0,0,8,51,0,3,47,11,0,50,59,62,70,61,120
1,0,6,55,0,2,45,13,0,48,61,63,74,61,122
1,0,0,56,1,1,51,12,0,53,56,57,68,65,122
1,0,8,50,0,2,51,10,0,54,58,60,68,64,122
0,0,10,45,0,2,52,12,0,54,55,57,67,66,121
1,0,7,47,1,4,52,10,0,57,54,58,64,67,122
2,0,8,45,1,2,56,7,0,60,53,55,60,67,121
1,0,9,43,0,5,54,12,0,60,52,57,64,72,124
3,0,9,41,0,3,53,13,0,59,50,53,63,72,122
1,0,10,42,1,2,56,9,0,59,52,54,61,68,121
1,0,8,46,0,3,54,11,0,58,54,57,65,69,123
0,0,7,47,0,3,52,13,0,55,54,57,67,68,122
1,0,7,49,0,2,51,11,0,54,56,58,67,65,121
1,0,9,49,0,2,46,14,0,49,58,60,72,63,121
1,0,8,46,1,3,55,10,0,59,54,57,64,69,124
1,0,9,43,1,3,53,13,0,57,52,55,65,70,123
0,0,0,48,1,3,55,16,0,58,48,51,64,74,123
1,0,9,44,1,2,52,12,0,55,53,55,65,67,121
0,0,7,47,1,4,53,12,0,57,54,58,66,69,124
0,0,8,47,0,5,53,11,0,58,55,60,66,69,124
1,0,0,47,1,3,59,9,0,63,47,50,56,72,120
1,0,6,53,0,4,49,10,0,54,59,63,69,64,123
1,0,9,49,0,4,46,14,0,51,58,62,72,65,123
1,0,9,47,0,3,50,11,0,54,56,59,67,65,121
1,0,7,48,1,4,53,9,0,58,55,59,64,67,123
1,0,10,47,1,4,52,9,0,57,57,61,66,66,124
4,0,10,39,0,4,51,13,0,59,49,53,62,72,121
1,0,9,43,0,3,57,9,0,61,52,55,61,70,122
0,0,8,47,1,2,52,12,0,54,55,57,67,66,122
0,0,0,50,1,3,55,12,0,58,50,53,62,70,121
1,0,8,47,1,2,52,11,0,55,55,57,66,66,122
1,0,10,44,0,4,53,11,0,58,54,58,65,69,123
1,0,8,49,0,2,52,9,0,55,57,59,66,64,121
1,0,8,51,0,4,50,9,0,55,59,63,68,64,123
1,0,7,51,1,1,51,10,0,53,58,59,68,63,122
1,0,7,46,0,4,58,8,0,63,53,57,61,71,124
1,0,9,45,0,4,56,8,0,61,54,58,62,69,123
1,0,8,51,0,3,48,9,0,52,59,62,68,61,120
1,0,8,49,0,1,49,13,0,51,57,58,70,64,121
1,0,7,49,1,4,48,11,0,53,56,60,67,64,121
1,0,8,47,1,1,52,11,0,54,55,56,66,65,121
1,0,8,54,1,4,43,11,0,48,62,66,73,59,122
0,0,9,46,1,3,48,15,0,51,55,58,70,66,122
1,0,9,45,0,3,52,12,0,56,54,57,66,68,122
1,0,8,45,0,3,55,9,0,59,53,56,62,68,121
0,0,10,42,0,3,59,8,0,62,52,55,60,70,122
1,0,10,48,0,3,50,10,0,54,58,61,68,64,122
2,0,11,43,0,3,50,13,0,55,54,57,67,68,122
1,0,12,46,0,1,47,13,0,49,58,59,71,62,120
1,0,8,50,0,6,43,12,0,50,58,64,70,62,120
1,0,10,43,0,2,52,13,0,55,53,55,66,68,121
1,0,9,50,0,4,47,10,0,52,59,63,69,62,121
1,0,7,50,1,2,52,9,0,55,57,59,66,64,122
1,0,9,47,1,5,49,14,0,55,56,61,70,69,126
1,0,10,46,1,4,52,10,0,57,56,60,66,67,124
3,0,7,50,1,4,45,12,0,52,57,61,69,64,122
1,0,10,45,1,3,53,10,0,57,55,58,65,67,123
0,0,7,48,0,5,51,11,0,56,55,60,66,67,122
1,0,9,46,0,2,49,15,0,52,55,57,70,67,122
2,0,8,48,0,1,50,11,0,53,56,57,67,64,120
1,0,8,47,1,4,53,9,0,58,55,59,64,67,123
0,0,10,46,1,5,50,13,0,55,56,61,69,68,125
1,0,7,46,0,4,58,8,0,63,53,57,61,71,124
1,0,9,45,0,3,53,12,0,57,54,57,66,69,123
1,0,8,50,0,2,46,14,0,49,58,60,72,63,121
0,0,8,46,0,1,55,10,0,56,54,55,64,66,120
2,0,12,44,0,2,51,10,0,55,56,58,66,65,121
1,0,8,51,0,5,44,12,0,50,59,64,71,62,121
1,0,0,51,0,2,53,13,0,56,51,53,64,69,120
2,0,12,41,1,2,51,13,0,55,53,55,66,68,122
1,0,9,49,0,2,52,7,0,55,58,60,65,62,120
1,0,11,47,1,4,51,9,0,56,58,62,67,65,124
1,0,7,50,1,3,48,13,0,52,57,60,70,65,123
2,0,12,42,1,3,53,10,0,58,54,57,64,68,123
1,0,0,61,0,4,48,8,0,53,61,65,69,61,122
1,0,7,48,0,3,52,10,0,56,55,58,65,66,121
2,0,8,48,0,4,49,12,0,55,56,60,68,67,123
1,0,10,42,1,3,54,11,0,58,52,55,63,69,122
1,0,11,42,1,3,54,11,0,58,53,56,64,69,123
1,0,10,46,1,4,50,12,0,55,56,60,68,67,124
1,0,8,52,1,2,48,11,0,51,60,62,71,62,123
1,0,7,50,1,4,54,6,0,59,57,61,63,65,123
1,0,7,48,1,2,53,9,0,56,55,57,64,65,121
1,0,9,48,0,4,47,15,0,52,57,61,72,67,124
1,0,9,48,1,4,49,12,0,54,57,61,69,66,124
0,0,10,49,0,3,49,10,0,52,59,62,69,62,121
1,0,0,49,1,3,59,8,0,63,49,52,57,71,121
2,0,10,48,0,4,46,13,0,52,58,62,71,65,123
1,0,7,50,1,2,50,11,0,53,57,59,68,64,122
0,0,7,54,0,2,46,11,0,48,61,63,72,59,120
0,0,10,38,1,3,59,11,0,62,48,51,59,73,122
1,0,8,47,1,2,52,11,0,55,55,57,66,66,122
1,0,8,44,0,4,54,12,0,59,52,56,64,71,123
1,0,8,45,0,3,54,9,0,58,53,56,62,67,120
0,0,10,47,1,3,50,10,0,53,57,60,67,63,121
3,0,9,44,1,3,53,10,0,59,53,56,63,69,123
1,0,9,48,1,3,49,12,0,53,57,60,69,65,123
1,0,8,46,1,3,53,11,0,57,54,57,65,68,123
1,0,0,52,1,2,57,10,0,60,52,54,62,70,123
1,0,7,50,0,1,50,11,0,52,57,58,68,63,120
0,0,10,49,0,3,46,12,0,49,59,62,71,61,120
2,0,7,49,1,2,49,11,0,53,56,58,67,64,121
1,0,8,42,1,3,57,10,0,61,50,53,60,71,122
2,0,9,48,1,3,46,12,0,51,57,60,69,63,121
1,0,8,46,0,3,51,13,0,55,54,57,67,68,122
1,0,11,46,0,4,48,10,0,53,57,61,67,63,120
4,0,8,52,1,4,43,12,0,51,60,64,72,63,124
1,0,9,49,1,4,50,10,0,55,58,62,68,65,124
1,0,7,50,1,3,48,13,0,52,57,60,70,65,123
1,0,7,48,1,4,52,11,0,57,55,59,66,68,124
2,0,8,51,1,3,48,8,0,53,59,62,67,61,121
1,0,9,44,1,2,50,14,0,53,53,55,67,67,121
2,0,9,42,1,3,55,11,0,60,51,54,62,71,123
1,0,7,52,0,5,50,9,0,56,59,64,68,65,124
1,0,7,43,0,2,56,11,0,59,50,52,61,70,120
1,0,8,50,0,4,50,10,0,55,58,62,68,65,123
1,0,7,47,0,3,50,12,0,54,54,57,66,66,120
2,0,8,46,0,4,52,8,0,58,54,58,62,66,120
1,0,8,50,1,4,52,9,0,57,58,62,67,66,125
0,0,8,51,0,3,52,8,0,55,59,62,67,63,122
1,0,8,51,0,2,47,11,0,50,59,61,70,61,120
0,0,6,55,0,3,47,11,0,50,61,64,72,61,122
0,0,8,51,0,2,50,9,0,52,59,61,68,61,120
1,0,7,51,0,3,51,8,0,55,58,61,66,63,121
1,0,8,47,1,4,49,12,0,54,55,59,67,66,122
1,0,10,45,1,5,51,12,0,57,55,60,67,69,125
1,0,6,48,0,4,54,8,0,59,54,58,62,67,121
1,0,8,47,1,2,51,12,0,54,55,57,67,66,122
1,0,9,45,1,4,54,8,0,59,54,58,62,67,122
1,0,9,45,1,3,55,8,0,59,54,57,62,67,122
1,0,7,44,0,3,56,11,0,60,51,54,62,71,122
1,0,8,49,0,1,51,10,0,53,57,58,67,63,120
1,0,9,49,0,3,50,9,0,54,58,61,67,63,121
0,0,9,50,0,3,49,11,0,52,59,62,70,63,122
1,0,8,49,0,3,50,11,0,54,57,60,68,65,122
1,0,10,44,1,4,54,10,0,59,54,58,64,69,124
2,0,7,46,0,2,54,10,0,58,53,55,63,68,121
1,0,8,50,0,0,53,8,0,54,58,58,66,62,120
0,0,0,55,0,4,54,9,0,58,55,59,64,67,122
1,0,8,47,0,2,53,9,0,56,55,57,64,65,120
1,0,8,46,1,5,52,11,0,58,54,59,65,69,124
1,0,8,49,0,4,52,8,0,57,57,61,65,65,122
1,0,8,48,1,3,46,15,0,50,56,59,71,65,122
2,0,0,53,0,3,52,11,0,57,53,56,64,68,121
0,0,0,53,0,3,51,13,0,54,53,56,66,67,120
1,0,7,53,1,2,47,11,0,50,60,62,71,61,122
1,0,11,46,0,2,50,10,0,53,57,59,67,63,120
1,0,10,50,1,4,47,11,0,52,60,64,71,63,124
1,0,12,44,0,5,45,17,0,51,56,61,73,68,124
1,0,7,51,0,3,49,10,0,53,58,61,68,63,121
1,0,7,50,0,4,44,14,0,49,57,61,71,63,120
1,0,7,50,1,1,52,9,0,54,57,58,66,63,121
1,0,7,50,0,4,53,9,0,58,57,61,66,67,124
1,0,6,42,1,2,51,19,0,54,48,50,67,73,122
0,0,14,40,1,2,52,14,0,54,54,56,68,68,123
1,0,10,48,1,3,51,9,0,55,58,61,67,64,123
1,0,13,45,0,5,51,10,0,57,58,63,68,67,125
1,0,9,47,0,4,52,8,0,57,56,60,64,65,121
0,0,13,44,0,2,51,11,0,53,57,59,68,64,121
1,0,7,46,0,2,49,15,0,52,53,55,68,67,120
0,0,7,52,1,4,49,11,0,53,59,63,70,64,124
0,0,9,46,1,2,50,14,0,52,55,57,69,66,122
1,0,7,47,1,2,51,12,0,54,54,56,66,66,121
1,0,7,48,0,2,51,11,0,54,55,57,66,65,120
1,0,13,44,1,2,51,11,0,54,57,59,68,65,123
0,0,9,47,1,2,51,11,0,53,56,58,67,64,121
3,0,0,53,0,2,53,9,0,58,53,55,62,67,120
1,0,8,48,1,5,54,9,0,60,56,61,65,69,126
0,0,11,44,0,4,54,9,0,58,55,59,64,67,122
1,0,9,44,0,2,50,15,0,53,53,55,68,68,121
1,0,6,48,0,1,56,9,0,58,54,55,63,67,121
1,0,8,49,1,3,45,15,0,49,57,60,72,64,122
1,0,9,49,1,4,50,10,0,55,58,62,68,65,124
3,0,9,43,1,3,54,10,0,60,52,55,62,70,123
0,0,8,50,0,2,50,10,0,52,58,60,68,62,120
1,0,16,37,0,5,54,11,0,60,53,58,64,71,124
1,0,9,49,0,4,51,9,0,56,58,62,67,65,123
1,0,10,47,1,4,52,8,0,57,57,61,65,65,123
1,0,9,43,1,4,56,10,0,61,52,56,62,71,124
2,0,9,40,0,2,55,12,0,59,49,51,61,71,120
1,0,10,43,1,3,53,11,0,57,53,56,64,68,122
1,0,8,48,1,3,50,12,0,54,56,59,68,66,123
1,0,9,50,1,4,50,8,0,55,59,63,67,63,123
1,0,8,53,0,3,49,8,0,53,61,64,69,61,122
2,0,10,42,1,3,56,8,0,61,52,55,60,69,122
0,0,6,53,0,1,52,8,0,53,59,60,67,61,120
0,0,8,46,1,5,53,10,0,58,54,59,64,68,123
1,0,8,51,0,1,49,10,0,51,59,60,69,61,120
0,0,8,48,1,1,51,12,0,52,56,57,68,64,121
1,0,11,47,1,2,51,10,0,54,58,60,68,64,123
1,0,0,47,0,4,58,13,0,63,47,51,60,76,123
0,0,7,50,0,2,52,9,0,54,57,59,66,63,120
1,0,9,48,0,1,50,11,0,52,57,58,68,63,120
1,0,0,56,1,3,50,11,0,54,56,59,67,65,122
1,0,7,53,1,6,43,10,0,50,60,66,70,60,121
0,0,11,45,0,4,50,12,0,54,56,60,68,66,122
1,0,8,51,1,2,48,11,0,51,59,61,70,62,122
1,0,8,45,1,2,56,10,0,59,53,55,63,69,123
2,0,10,43,1,3,52,10,0,57,53,56,63,67,121
1,0,8,49,0,3,45,15,0,49,57,60,72,64,121
1,0,13,44,1,3,53,8,0,57,57,60,65,65,123
5,0,11,46,1,2,47,9,0,54,57,59,66,63,121
1,0,8,47,1,1,49,14,0,51,55,56,69,65,121
1,0,14,41,1,3,52,11,0,56,55,58,66,67,123
0,0,10,46,0,4,52,11,0,56,56,60,67,67,123
1,0,8,48,0,2,50,12,0,53,56,58,68,65,121
1,0,10,41,1,3,57,9,0,61,51,54,60,70,122
1,0,6,49,1,3,54,7,0,58,55,58,62,65,121
1,0,7,48,0,2,52,11,0,55,55,57,66,66,121
1,0,7,48,0,4,53,10,0,58,55,59,65,68,123
1,0,10,46,1,2,51,10,0,54,56,58,66,64,121
0,0,6,49,1,4,53,8,0,57,55,59,63,65,121
0,0,9,49,0,3,50,9,0,53,58,61,67,62,120
1,0,8,54,0,3,44,12,0,48,62,65,74,60,122
3,0,11,44,1,2,50,10,0,55,55,57,65,65,121
0,0,9,44,0,3,51,14,0,54,53,56,67,68,121
0,0,7,46,0,2,57,8,0,59,53,55,61,67,120
1,0,7,48,1,2,50,13,0,53,55,57,68,66,122
1,0,7,48,1,3,48,14,0,52,55,58,69,66,122
1,0,8,52,0,4,44,13,0,49,60,64,73,62,122
1,0,7,50,1,4,47,13,0,52,57,61,70,65,123
1,0,10,50,0,3,51,8,0,55,60,63,68,63,123
1,0,9,44,1,3,55,11,0,59,53,56,64,70,124
0,0,8,48,1,2,47,15,0,49,56,58,71,64,121
2,0,11,43,0,2,53,10,0,57,54,56,64,67,121
1,0,11,46,0,3,51,10,0,55,57,60,67,65,122
4,0,10,44,1,4,50,10,0,58,54,58,64,68,123
1,0,11,41,1,3,55,11,0,59,52,55,63,70,123
1,0,8,49,0,4,48,14,0,53,57,61,71,67,124
5,0,10,40,0,4,54,9,0,63,50,54,59,72,122
1,0,7,52,0,3,50,8,0,54,59,62,67,62,121
2,0,8,46,0,3,53,9,0,58,54,57,63,67,121
1,0,7,45,0,3,52,13,0,56,52,55,65,69,121
1,0,9,49,0,3,49,10,0,53,58,61,68,63,121
1,0,6,49,1,6,54,9,0,61,55,61,64,70,126
0,0,9,48,1,3,50,12,0,53,57,60,69,65,123
1,0,8,46,1,3,50,12,0,54,54,57,66,66,121
1,0,9,53,1,3,44,13,0,48,62,65,75,61,124
1,0,7,47,0,2,56,9,0,59,54,56,63,68,122
1,0,6,52,1,4,53,7,0,58,58,62,65,65,124
2,0,8,44,1,4,53,8,0,59,52,56,60,67,120
1,0,11,46,0,4,52,10,0,57,57,61,67,67,124
1,0,0,55,1,4,50,11,0,55,55,59,66,66,122
1,0,6,50,1,3,53,8,0,57,56,59,64,65,122
1,0,9,45,0,3,52,12,0,56,54,57,66,68,122
1,0,7,50,1,3,50,10,0,54,57,60,67,64,122
2,0,7,45,1,3,56,8,0,61,52,55,60,69,122
1,0,10,46,1,2,50,13,0,53,56,58,69,66,123
0,0,11,45,1,4,53,9,0,57,56,60,65,66,123
1,0,9,44,1,3,52,13,0,56,53,56,66,69,123
0,0,12,45,0,5,46,15,0,51,57,62,72,66,123
2,0,7,49,1,3,49,11,0,54,56,59,67,65,122
0,0,8,51,1,4,49,11,0,53,59,63,70,64,124
1,0,9,48,0,0,52,11,0,53,57,57,68,64,121
1,0,7,45,1,2,53,12,0,56,52,54,64,68,121
0,0,0,52,0,5,54,9,0,59,52,57,61,68,120
1,0,8,47,1,4,52,11,0,57,55,59,66,68,124
0,0,10,49,0,3,50,10,0,53,59,62,69,63,122
1,0,9,48,1,3,51,11,0,55,57,60,68,66,124
1,0,8,48,0,2,49,13,0,52,56,58,69,65,121
1,0,7,49,0,3,49,12,0,53,56,59,68,65,121
1,0,7,48,1,6,52,10,0,59,55,61,65,69,125
1,0,0,50,0,2,56,11,0,59,50,52,61,70,120
1,0,10,45,0,3,50,14,0,54,55,58,69,68,123
1,0,10,44,1,3,54,10,0,58,54,57,64,68,123
1,0,9,45,0,3,52,10,0,56,54,57,64,66,120
1,0,10,44,0,5,53,12,0,59,54,59,66,71,125
4,0,6,48,1,2,51,10,0,57,54,56,64,67,122
1,0,14,46,0,2,48,10,0,51,60,62,70,61,121
1,0,7,45,0,2,54,12,0,57,52,54,64,69,121
1,0,0,53,1,4,51,13,0,56,53,57,66,69,123
1,0,8,48,1,4,52,10,0,57,56,60,66,67,124
3,0,9,44,1,4,51,11,0,58,53,57,64,69,123
1,0,6,49,0,5,52,11,0,58,55,60,66,69,124
1,0,10,50,0,2,50,8,0,53,60,62,68,61,121
4,0,9,44,1,3,53,9,0,60,53,56,62,69,123
1,0,8,50,1,3,49,10,0,53,58,61,68,63,122
1,0,14,40,1,3,49,14,0,53,54,57,68,67,122
1,0,10,47,1,3,47,14,0,51,57,60,71,65,123
1,0,8,44,0,4,57,9,0,62,52,56,61,71,123
1,0,6,50,1,3,48,14,0,52,56,59,70,66,123
1,0,7,50,0,2,52,9,0,55,57,59,66,64,121
0,0,7,47,0,3,49,15,0,52,54,57,69,67,121
1,0,8,46,2,5,52,10,0,58,54,59,64,68,124
1,0,12,45,0,4,52,7,0,57,57,61,64,64,121
1,0,6,51,1,4,50,10,0,55,57,61,67,65,123
1,0,7,45,0,4,53,11,0,58,52,56,63,69,121
1,0,7,50,1,4,50,12,0,55,57,61,69,67,125
0,0,9,43,1,3,57,9,0,60,52,55,61,69,122
1,0,7,48,0,3,49,12,0,53,55,58,67,65,120
1,0,8,50,0,5,49,10,0,55,58,63,68,65,123
2,0,6,51,1,3,50,8,0,55,57,60,65,63,121
2,0,6,53,0,3,49,8,0,54,59,62,67,62,121
1,0,8,48,0,2,47,14,0,50,56,58,70,64,120
1,0,8,47,1,1,46,17,0,48,55,56,72,65,121
1,0,7,51,1,3,48,13,0,52,58,61,71,65,124
1,0,10,44,1,1,49,15,0,51,54,55,69,66,121
1,0,7,45,0,3,56,11,0,60,52,55,63,71,123
1,0,7,49,1,3,50,11,0,54,56,59,67,65,122
1,0,8,47,0,3,51,12,0,55,55,58,67,67,122
1,0,0,52,1,5,54,10,0,60,52,57,62,70,123
1,0,8,50,0,2,49,11,0,52,58,60,69,63,121
1,0,10,44,0,4,53,13,0,58,54,58,67,71,125
1,0,9,50,1,4,49,9,0,54,59,63,68,63,123
1,0,6,46,1,2,56,10,0,59,52,54,62,69,122
0,0,8,50,1,2,52,8,0,54,58,60,66,62,121
1,0,7,49,1,3,50,13,0,54,56,59,69,67,124
1,0,9,46,1,3,52,10,0,56,55,58,65,66,122
1,0,11,45,1,4,49,12,0,54,56,60,68,66,123
1,0,7,48,1,3,48,15,0,52,55,58,70,67,123
2,0,9,47,1,4,50,11,0,56,56,60,67,67,124
1,0,9,49,1,2,50,10,0,53,58,60,68,63,122
0,0,8,54,1,1,46,11,0,47,62,63,73,58,121
0,0,11,48,1,2,51,8,0,53,59,61,67,61,121
0,0,7,44,1,3,56,10,0,59,51,54,61,69,121
1,0,8,47,0,2,48,14,0,51,55,57,69,65,120
1,0,8,45,0,2,53,11,0,56,53,55,64,67,120
1,0,7,53,0,4,50,7,0,55,60,64,67,62,122
2,0,7,50,0,3,48,10,0,53,57,60,67,63,120
1,0,9,47,0,2,52,9,0,55,56,58,65,64,120
1,0,11,46,0,2,51,11,0,54,57,59,68,65,122
1,0,9,39,1,1,60,9,0,62,48,49,57,71,120
3,0,10,46,1,4,49,11,0,56,56,60,67,67,124
1,0,6,44,0,2,59,9,0,62,50,52,59,71,121
0,0,11,43,1,4,54,10,0,58,54,58,64,68,123
0,0,7,44,1,1,55,13,0,56,51,52,64,69,121
0,0,10,44,1,4,55,10,0,59,54,58,64,69,124
1,0,8,46,1,0,55,11,0,56,54,54,65,67,122
1,0,7,52,1,3,49,10,0,53,59,62,69,63,123
1,0,9,47,1,4,49,14,0,54,56,60,70,68,125
0,0,11,42,0,4,58,8,0,62,53,57,61,70,123
2,0,10,40,0,3,56,11,0,61,50,53,61,72,122
1,0,10,51,0,4,44,12,0,49,61,65,73,61,122
1,0,8,47,1,5,55,8,0,61,55,60,63,69,125
1,0,7,44,1,2,55,11,0,58,51,53,62,69,121
2,0,11,41,0,2,54,11,0,58,52,54,63,69,121
1,0,0,51,0,4,59,7,0,64,51,55,58,71,122
1,0,10,45,1,3,49,14,0,53,55,58,69,67,123
1,0,7,48,0,4,53,10,0,58,55,59,65,68,123
1,0,0,47,1,4,57,11,0,62,47,51,58,73,121
1,0,6,49,0,3,51,10,0,55,55,58,65,65,120
3,0,10,44,0,3,53,9,0,59,54,57,63,68,122
1,0,10,45,1,2,52,11,0,55,55,57,66,66,122
1,0,9,45,1,3,54,11,0,58,54,57,65,69,124
2,0,7,47,1,2,53,9,0,57,54,56,63,66,121
1,0,10,45,1,4,47,15,0,52,55,59,70,67,123
1,0,10,44,0,4,49,16,0,54,54,58,70,70,124
0,0,8,45,1,2,58,8,0,60,53,55,61,68,122
1,0,11,39,1,3,58,11,0,62,50,53,61,73,124
0,0,8,49,1,4,50,11,0,54,57,61,68,65,123
1,0,8,43,0,2,54,13,0,57,51,53,64,70,121
1,0,9,49,0,4,48,12,0,53,58,62,70,65,123
1,0,8,46,0,2,51,13,0,54,54,56,67,67,121
3,0,8,50,1,1,51,7,0,55,58,59,65,62,121
1,0,7,46,1,3,53,12,0,57,53,56,65,69,123
1,0,7,43,1,4,51,17,0,56,50,54,67,73,124
1,0,8,47,0,4,53,10,0,58,55,59,65,68,123
1,0,9,47,1,5,53,8,0,59,56,61,64,67,124
1,0,9,48,0,3,49,11,0,53,57,60,68,64,121
1,0,9,48,1,2,53,9,0,56,57,59,66,65,123
1,0,8,50,0,3,49,11,0,53,58,61,69,64,122
1,0,9,45,1,0,56,9,0,57,54,54,63,66,121
2,0,11,42,1,2,56,7,0,60,53,55,60,67,121
1,0,6,49,1,3,53,10,0,57,55,58,65,67,123
1,0,10,43,0,3,52,12,0,56,53,56,65,68,121
1,0,7,49,0,5,49,13,0,55,56,61,69,68,124
1,0,11,45,1,2,51,11,0,54,56,58,67,65,122
1,0,9,46,0,2,46,16,0,49,55,57,71,65,120
0,0,8,48,1,3,48,13,0,51,56,59,69,64,121
1,0,9,46,0,4,53,10,0,58,55,59,65,68,123
1,0,7,47,1,4,55,8,0,60,54,58,62,68,123
1,0,8,47,0,1,55,9,0,57,55,56,64,66,121
0,0,11,47,0,2,49,12,0,51,58,60,70,63,121
1,0,7,50,1,2,48,13,0,51,57,59,70,64,122
1,0,6,47,1,4,54,11,0,59,53,57,64,70,124
1,0,9,47,1,5,53,9,0,59,56,61,65,68,125
1,0,0,54,1,1,54,10,0,56,54,55,64,66,121
1,0,7,53,1,5,47,10,0,53,60,65,70,63,124
1,0,8,45,1,4,54,10,0,59,53,57,63,69,123
2,0,7,46,1,2,55,9,0,59,53,55,62,68,122
2,0,8,50,1,2,46,12,0,50,58,60,70,62,121
1,0,0,51,1,4,56,11,0,61,51,55,62,72,124
1,0,8,44,1,3,56,10,0,60,52,55,62,70,123
2,0,8,44,0,3,56,8,0,61,52,55,60,69,121
1,0,0,55,1,3,53,10,0,57,55,58,65,67,123
1,0,9,51,1,3,49,9,0,53,60,63,69,62,123
1,0,7,44,1,2,57,11,0,60,51,53,62,71,123
1,0,8,49,0,4,52,9,0,57,57,61,66,66,123
1,0,6,48,0,2,52,13,0,55,54,56,67,68,122
1,0,7,54,1,2,46,10,0,49,61,63,71,59,121
1,0,10,48,1,1,42,19,0,44,58,59,77,63,122
0,0,7,44,0,4,51,15,0,55,51,55,66,70,121
1,0,6,53,0,3,50,10,0,54,59,62,69,64,123
1,0,9,45,0,5,56,7,0,62,54,59,61,69,123
1,0,7,46,0,5,54,10,0,60,53,58,63,70,123
2,0,7,47,0,3,53,9,0,58,54,57,63,67,121
1,0,10,49,1,5,49,9,0,55,59,64,68,64,124
0,0,10,47,1,3,54,8,0,57,57,60,65,65,123
1,0,9,44,0,3,55,10,0,59,53,56,63,69,122
1,0,7,53,0,2,49,8,0,52,60,62,68,60,120
1,0,0,53,1,3,52,12,0,56,53,56,65,68,122
0,0,7,52,1,5,47,11,0,52,59,64,70,63,123
1,0,0,54,0,2,56,9,0,59,54,56,63,68,122
1,0,7,45,0,3,59,8,0,63,52,55,60,71,123
1,0,9,42,1,5,52,14,0,58,51,56,65,72,124
1,0,9,48,1,5,49,13,0,55,57,62,70,68,126
1,0,13,38,1,3,53,12,0,57,51,54,63,69,121
1,0,11,44,0,2,49,13,0,52,55,57,68,65,120
0,0,8,50,1,0,48,14,0,48,58,58,72,62,121
1,0,10,47,0,3,54,8,0,58,57,60,65,66,123
1,0,7,47,1,3,52,13,0,56,54,57,67,69,124
1,0,7,46,0,4,52,12,0,57,53,57,65,69,122
1,0,8,49,1,3,52,8,0,56,57,60,65,64,122
1,0,7,47,0,2,57,7,0,60,54,56,61,67,121
1,0,0,54,0,3,54,9,0,58,54,57,63,67,121
1,0,7,45,1,4,54,10,0,59,52,56,62,69,122
1,0,7,46,1,2,50,14,0,53,53,55,67,67,121
1,0,7,55,0,3,44,11,0,48,62,65,73,59,121
1,0,6,53,0,2,47,12,0,50,59,61,71,62,121
1,0,9,43,1,5,50,17,0,56,52,57,69,73,126
1,0,7,48,0,5,50,13,0,56,55,60,68,69,124
1,0,13,43,0,2,53,9,0,56,56,58,65,65,121
1,0,10,46,0,2,49,13,0,52,56,58,69,65,121
1,0,12,43,1,4,52,11,0,57,55,59,66,68,124
0,0,8,48,1,2,52,10,0,54,56,58,66,64,121
4,0,9,44,1,2,52,9,0,58,53,55,62,67,121
3,0,9,41,0,4,54,11,0,61,50,54,61,72,122
1,0,6,47,1,3,54,11,0,58,53,56,64,69,123
1,0,8,50,0,3,48,13,0,52,58,61,71,65,123
1,0,9,42,0,2,55,12,0,58,51,53,63,70,121
1,0,9,48,0,2,50,12,0,53,57,59,69,65,122
1,0,9,50,0,2,50,10,0,53,59,61,69,63,122
0,0,7,54,1,4,50,8,0,54,61,65,69,62,124
1,0,9,49,1,3,46,15,0,50,58,61,73,65,124
1,0,10,50,0,4,49,9,0,54,60,64,69,63,123
1,0,10,46,0,2,52,10,0,55,56,58,66,65,121
0,0,0,56,0,3,54,8,0,57,56,59,64,65,121
2,0,9,48,0,4,48,12,0,54,57,61,69,66,123
1,0,10,47,0,3,47,14,0,51,57,60,71,65,122
1,0,8,46,0,2,53,10,0,56,54,56,64,66,120
1,0,8,46,1,2,49,14,0,52,54,56,68,66,121
1,0,9,46,1,4,53,10,0,58,55,59,65,68,124
1,0,8,52,0,0,50,9,0,51,60,60,69,60,120
0,0,11,48,1,5,47,13,0,52,59,64,72,65,125
1,0,8,50,1,1,46,14,0,48,58,59,72,62,121
1,0,8,46,0,2,54,10,0,57,54,56,64,67,121
1,0,9,48,1,3,50,9,0,54,57,60,66,63,121
1,0,9,50,0,3,51,8,0,55,59,62,67,63,122
1,0,12,41,1,2,55,10,0,58,53,55,63,68,122
0,0,7,51,0,4,49,9,0,53,58,62,67,62,120
1,0,8,45,0,0,56,10,0,57,53,53,63,67,120
1,0,8,51,0,4,50,10,0,55,59,63,69,65,124
0,0,8,49,1,1,53,9,0,54,57,58,66,63,121
1,0,12,45,1,3,49,12,0,53,57,60,69,65,123
2,0,8,41,0,5,54,13,0,61,49,54,62,74,123
0,0,10,43,1,4,51,15,0,55,53,57,68,70,124
1,0,0,54,2,3,53,9,0,57,54,57,63,66,122
1,0,8,49,1,4,51,10,0,56,57,61,67,66,124
1,0,10,46,1,3,53,10,0,57,56,59,66,67,124
1,0,6,50,1,3,52,11,0,56,56,59,67,67,124
1,0,11,49,1,4,46,13,0,51,60,64,73,64,125
1,0,7,46,1,2,53,11,0,56,53,55,64,67,121
1,0,10,48,1,2,46,15,0,49,58,60,73,64,123
1,0,7,50,0,3,48,12,0,52,57,60,69,64,121
1,0,8,51,1,3,50,8,0,54,59,62,67,62,122
1,0,10,46,0,2,50,12,0,53,56,58,68,65,121
1,0,9,44,0,2,52,13,0,55,53,55,66,68,121
1,0,7,49,0,2,48,14,0,51,56,58,70,65,121
2,0,11,43,1,2,50,12,0,54,54,56,66,66,121
1,0,6,50,0,3,47,13,0,51,56,59,69,64,120
0,0,9,41,0,2,55,14,0,57,50,52,64,71,121
0,0,0,52,1,3,52,15,0,55,52,55,67,70,123
3,0,9,40,1,2,59,8,0,64,49,51,57,72,122
1,0,8,50,1,5,49,11,0,55,58,63,69,66,125
1,0,8,44,0,3,57,9,0,61,52,55,61,70,122
0,0,10,45,1,3,53,11,0,56,55,58,66,67,123
1,0,7,47,1,4,54,9,0,59,54,58,63,68,123
1,0,10,42,0,3,56,10,0,60,52,55,62,70,122
1,0,10,45,1,2,53,10,0,56,55,57,65,66,122
1,0,7,44,0,4,55,12,0,60,51,55,63,72,123
1,0,8,51,0,3,45,14,0,49,59,62,73,63,122
1,0,11,47,1,3,51,8,0,55,58,61,66,63,122
1,0,11,40,1,4,47,19,0,52,51,55,70,71,123
1,0,7,45,0,3,55,9,0,59,52,55,61,68,120
1,0,8,49,0,4,48,12,0,53,57,61,69,65,122
1,0,8,47,0,2,51,13,0,54,55,57,68,67,122
1,0,8,53,1,5,44,12,0,50,61,66,73,62,124
1,0,8,48,1,3,52,11,0,56,56,59,67,67,124
0,0,7,51,1,3,53,8,0,56,58,61,66,64,123
1,0,0,57,0,5,52,9,0,58,57,62,66,67,124
1,0,6,47,1,4,53,11,0,58,53,57,64,69,123
2,0,7,46,0,5,53,10,0,60,53,58,63,70,123
1,0,8,48,1,4,54,9,0,59,56,60,65,68,125
1,0,9,46,1,2,50,14,0,53,55,57,69,67,123
1,0,9,47,0,3,51,11,0,55,56,59,67,66,122
1,0,0,55,1,5,55,8,0,61,55,60,63,69,125
1,0,7,50,1,4,48,13,0,53,57,61,70,66,124
1,0,6,51,1,3,46,15,0,50,57,60,72,65,123
0,0,9,47,0,3,52,10,0,55,56,59,66,65,121
1,0,7,51,0,3,49,12,0,53,58,61,70,65,123
0,0,9,47,1,3,48,15,0,51,56,59,71,66,123
1,0,8,43,1,1,54,13,0,56,51,52,64,69,121
1,0,0,53,0,4,50,12,0,55,53,57,65,67,120
1,0,8,49,0,4,48,10,0,53,57,61,67,63,120
2,0,12,48,0,3,47,10,0,52,60,63,70,62,122
1,0,8,48,0,2,51,11,0,54,56,58,67,65,121
1,0,11,43,0,3,51,14,0,55,54,57,68,69,123
0,0,12,45,1,1,51,11,0,52,57,58,68,63,121
2,0,8,47,1,2,49,13,0,53,55,57,68,66,122
0,0,10,46,1,3,52,9,0,55,56,59,65,64,121
1,0,11,43,0,3,52,12,0,56,54,57,66,68,122
1,0,8,47,0,2,51,12,0,54,55,57,67,66,121
0,0,0,50,1,3,57,12,0,60,50,53,62,72,123
1,0,7,52,1,2,47,12,0,50,59,61,71,62,122
1,0,0,55,1,0,49,16,0,50,55,55,71,66,122
1,0,7,49,0,2,52,10,0,55,56,58,66,65,121
1,0,6,52,0,3,47,13,0,51,58,61,71,64,122
1,0,9,51,0,2,49,9,0,52,60,62,69,61,121
1,0,9,48,0,1,53,8,0,55,57,58,65,63,120
1,0,8,46,0,2,55,9,0,58,54,56,63,67,121
1,0,7,50,1,3,46,12,0,50,57,60,69,62,120
1,0,8,51,1,3,45,13,0,49,59,62,72,62,122
1,0,13,43,1,3,48,13,0,52,56,59,69,65,122
0,0,0,54,0,2,54,11,0,56,54,56,65,67,121
3,0,10,48,0,3,48,9,0,54,58,61,67,63,121
0,0,7,46,1,2,56,9,0,58,53,55,62,67,121
4,0,10,42,0,3,53,10,0,60,52,55,62,70,122
1,0,11,45,1,2,51,10,0,54,56,58,66,64,121
1,0,7,48,1,4,51,10,0,56,55,59,65,66,122
1,0,9,48,1,4,51,10,0,56,57,61,67,66,124
2,0,12,47,0,4,46,11,0,52,59,63,70,63,122
3,0,7,46,1,6,51,10,0,60,53,59,63,70,124
0,0,8,47,1,3,50,14,0,53,55,58,69,67,123
1,0,0,54,0,3,53,11,0,57,54,57,65,68,122
1,0,8,45,2,2,52,11,0,55,53,55,64,66,121
1,0,10,45,0,5,49,13,0,55,55,60,68,68,123
1,0,0,54,1,3,50,13,0,54,54,57,67,67,122
1,0,7,46,0,2,51,15,0,54,53,55,68,69,122
0,0,10,49,1,3,48,11,0,51,59,62,70,62,122
1,0,7,46,1,5,51,15,0,57,53,58,68,72,126
1,0,7,47,0,3,49,16,0,53,54,57,70,69,123
0,0,12,44,1,3,44,17,0,47,56,59,73,64,121
1,0,11,46,1,3,54,5,0,58,57,60,62,63,121
1,0,8,44,0,3,54,11,0,58,52,55,63,69,121
1,0,0,55,1,6,52,11,0,59,55,61,66,70,126
1,0,7,50,0,4,50,11,0,55,57,61,68,66,123
1,0,9,48,1,4,50,12,0,55,57,61,69,67,125
1,0,10,42,1,3,52,13,0,56,52,55,65,69,122
1,0,9,47,1,6,47,10,0,54,56,62,66,64,121
1,0,6,45,1,1,55,13,0,57,51,52,64,70,122
0,0,8,54,1,4,49,7,0,53,62,66,69,60,123
0,0,13,42,0,5,52,12,0,57,55,60,67,69,124
1,0,11,44,0,2,53,10,0,56,55,57,65,66,121
1,0,10,43,1,5,50,16,0,56,53,58,69,72,126
2,0,8,47,0,3,54,7,0,59,55,58,62,66,121
1,0,8,47,1,5,47,15,0,53,55,60,70,68,124
1,0,6,48,1,2,50,14,0,53,54,56,68,67,122
1,0,7,51,0,2,47,14,0,50,58,60,72,64,122
1,0,10,49,1,4,51,8,0,56,59,63,67,64,124
0,0,11,42,0,5,52,14,0,57,53,58,67,71,124
1,0,10,45,0,3,52,11,0,56,55,58,66,67,122
0,0,0,54,1,3,52,12,0,55,54,57,66,67,122
1,0,7,46,1,3,55,9,0,59,53,56,62,68,122
1,0,10,41,0,5,56,13,0,62,51,56,64,75,126
1,0,10,48,0,3,50,10,0,54,58,61,68,64,122
3,0,7,49,1,3,48,11,0,54,56,59,67,65,122
1,0,9,46,0,3,52,10,0,56,55,58,65,66,121
0,0,11,45,0,3,53,9,0,56,56,59,65,65,121
1,0,11,47,1,2,50,10,0,53,58,60,68,63,122
1,0,7,47,1,2,52,11,0,55,54,56,65,66,121
2,0,8,48,1,4,50,11,0,56,56,60,67,67,124
1,0,7,52,1,2,46,13,0,49,59,61,72,62,122
1,0,10,48,1,2,49,10,0,52,58,60,68,62,121
1,0,15,41,0,3,51,11,0,55,56,59,67,66,122
1,0,12,41,0,4,54,12,0,59,53,57,65,71,124
1,0,10,46,0,2,50,11,0,53,56,58,67,64,120
1,0,6,46,0,4,53,12,0,58,52,56,64,70,122
1,0,9,45,0,5,57,8,0,63,54,59,62,71,125
1,0,7,52,0,4,50,9,0,55,59,63,68,64,123
1,0,9,43,0,2,52,13,0,55,52,54,65,68,120
1,0,9,45,1,4,50,13,0,55,54,58,67,68,123
1,0,10,43,1,2,55,10,0,58,53,55,63,68,122
0,0,0,50,0,3,55,14,0,58,50,53,64,72,122
0,0,0,47,0,2,53,18,0,55,47,49,65,73,120
0,0,9,51,0,2,45,13,0,47,60,62,73,60,120
0,0,10,46,1,6,51,12,0,57,56,62,68,69,126
1,0,7,47,1,2,50,15,0,53,54,56,69,68,123
1,0,0,49,0,5,52,16,0,58,49,54,65,74,123
1,0,8,47,1,4,47,17,0,52,55,59,72,69,125
1,0,11,47,1,2,51,8,0,54,58,60,66,62,121
1,0,10,48,0,4,47,12,0,52,58,62,70,64,122
0,0,12,44,1,5,52,11,0,57,56,61,67,68,125
2,0,6,48,1,2,51,11,0,55,54,56,65,66,121
0,0,11,50,1,3,45,11,0,48,61,64,72,59,121
1,0,7,45,1,4,58,8,0,63,52,56,60,71,124
1,0,9,48,1,4,50,11,0,55,57,61,68,66,124
0,0,8,46,0,2,54,11,0,56,54,56,65,67,121
2,0,9,43,1,1,50,14,0,53,52,53,66,67,120
1,0,6,53,0,4,49,10,0,54,59,63,69,64,123
1,0,12,43,0,1,52,11,0,54,55,56,66,65,120
0,0,0,55,0,3,52,11,0,55,55,58,66,66,121
1,0,9,47,0,5,50,11,0,56,56,61,67,67,123
1,0,11,51,1,3,47,8,0,51,62,65,70,59,122
1,0,10,44,1,4,51,12,0,56,54,58,66,68,123
1,0,8,50,0,2,51,9,0,54,58,60,67,63,121
1,0,0,53,1,2,56,8,0,59,53,55,61,67,121
1,0,7,53,0,2,51,7,0,54,60,62,67,61,121
1,0,7,48,1,2,53,10,0,56,55,57,65,66,122
1,0,8,45,1,2,47,18,0,50,53,55,71,68,122
1,0,11,49,0,3,47,12,0,51,60,63,72,63,123
1,0,7,48,0,1,55,9,0,57,55,56,64,66,121
3,0,9,45,1,3,54,8,0,60,54,57,62,68,123
1,0,10,42,1,2,57,10,0,60,52,54,62,70,123
3,0,10,42,1,3,54,8,0,60,52,55,60,68,121
1,0,0,57,0,2,53,8,0,56,57,59,65,64,121
1,0,7,47,1,3,53,10,0,57,54,57,64,67,122
1,0,8,49,1,4,46,13,0,51,57,61,70,64,122
1,0,0,52,1,4,50,14,0,55,52,56,66,69,122
0,0,8,51,1,1,49,11,0,50,59,60,70,61,121
0,0,9,48,0,2,47,15,0,49,57,59,72,64,121
1,0,9,49,0,3,49,9,0,53,58,61,67,62,120
1,0,0,56,1,2,50,11,0,53,56,58,67,64,121
1,0,7,51,1,3,47,13,0,51,58,61,71,64,123
1,0,6,51,1,3,50,10,0,54,57,60,67,64,122
1,0,12,43,0,2,54,9,0,57,55,57,64,66,121
1,0,11,43,1,1,53,11,0,55,54,55,65,66,121
1,0,8,47,1,2,57,7,0,60,55,57,62,67,123
1,0,10,42,1,4,54,12,0,59,52,56,64,71,124
1,0,9,46,1,3,51,10,0,55,55,58,65,65,121
1,0,8,48,0,2,50,12,0,53,56,58,68,65,121
1,0,8,53,0,3,46,10,0,50,61,64,71,60,121
1,0,9,44,0,5,52,12,0,58,53,58,65,70,123
1,0,0,50,1,3,55,12,0,59,50,53,62,71,122
1,0,7,51,0,3,50,9,0,54,58,61,67,63,121
1,0,9,46,1,3,56,7,0,60,55,58,62,67,123
1,0,8,46,0,2,50,13,0,53,54,56,67,66,120
1,0,8,46,0,2,52,12,0,55,54,56,66,67,121
0,0,8,45,0,0,57,10,0,57,53,53,63,67,120
0,0,6,51,1,3,46,15,0,49,57,60,72,64,122
2,0,9,46,0,5,48,13,0,55,55,60,68,68,123
1,0,8,50,1,2,50,9,0,53,58,60,67,62,121
1,0,7,46,0,2,54,11,0,57,53,55,64,68,121
1,0,8,50,1,4,50,10,0,55,58,62,68,65,124
1,0,10,47,0,3,46,14,0,50,57,60,71,64,121
2,0,8,48,0,3,50,9,0,55,56,59,65,64,120
0,0,8,53,0,4,47,9,0,51,61,65,70,60,121
1,0,10,41,0,1,54,13,0,56,51,52,64,69,120
0,0,9,46,0,6,50,9,0,56,55,61,64,65,120
1,0,10,46,1,4,51,12,0,56,56,60,68,68,125
1,0,8,45,0,4,51,11,0,56,53,57,64,67,120
1,0,7,48,1,3,53,10,0,57,55,58,65,67,123
1,0,7,51,1,4,50,10,0,55,58,62,68,65,124
1,0,7,52,0,2,46,13,0,49,59,61,72,62,121
1,0,9,45,0,4,54,10,0,59,54,58,64,69,123
1,0,6,52,0,3,47,14,0,51,58,61,72,65,123
1,0,9,49,1,3,49,10,0,53,58,61,68,63,122
1,0,11,39,1,2,54,14,0,57,50,52,64,71,122
1,0,0,52,0,3,55,10,0,59,52,55,62,69,121
2,0,10,44,0,3,53,9,0,58,54,57,63,67,121
1,0,8,48,0,3,47,14,0,51,56,59,70,65,121
1,0,9,47,1,2,52,9,0,55,56,58,65,64,121
1,0,7,50,1,4,49,12,0,54,57,61,69,66,124
0,0,8,50,1,2,51,9,0,53,58,60,67,62,121
1,0,6,50,1,2,56,7,0,59,56,58,63,66,123
1,0,7,49,1,2,46,17,0,49,56,58,73,66,123
0,0,9,46,0,3,50,13,0,53,55,58,68,66,121
1,0,10,42,1,4,51,16,0,56,52,56,68,72,125
1,0,9,47,0,2,51,11,0,54,56,58,67,65,121
0,0,10,44,1,3,54,10,0,57,54,57,64,67,122
1,0,9,46,0,3,53,9,0,57,55,58,64,66,121
1,0,9,50,1,4,47,12,0,52,59,63,71,64,124
0,0,7,46,1,3,57,8,0,60,53,56,61,68,122
1,0,9,48,1,4,52,8,0,57,57,61,65,65,123
1,0,10,46,0,1,53,9,0,55,56,57,65,64,120
1,0,8,51,0,2,44,14,0,47,59,61,73,61,120
2,0,8,49,1,2,50,9,0,54,57,59,66,63,121
1,0,8,51,0,3,47,12,0,51,59,62,71,63,122
0,0,8,47,0,3,53,11,0,56,55,58,66,67,122
1,0,8,48,1,3,50,12,0,54,56,59,68,66,123
0,0,9,43,0,3,51,14,0,54,52,55,66,68,120
1,0,11,49,0,2,47,12,0,50,60,62,72,62,122
1,0,0,55,1,1,55,8,0,57,55,56,63,65,121
0,0,10,44,0,3,53,12,0,56,54,57,66,68,122
1,0,8,47,1,2,50,13,0,53,55,57,68,66,122
1,0,9,46,1,1,51,12,0,53,55,56,67,65,121
0,0,7,44,0,4,55,13,0,59,51,55,64,72,123
1,0,8,46,0,3,55,9,0,59,54,57,63,68,122
1,0,6,52,1,3,49,11,0,53,58,61,69,64,123
1,0,8,48,0,2,52,10,0,55,56,58,66,65,121
1,0,8,50,0,5,51,8,0,57,58,63,66,65,123
1,0,8,46,1,5,53,8,0,59,54,59,62,67,122
0,0,7,48,1,0,55,10,0,55,55,55,65,65,121
1,0,10,46,1,2,49,13,0,52,56,58,69,65,122
0,0,9,47,1,3,54,8,0,57,56,59,64,65,122
2,0,10,43,0,4,52,12,0,58,53,57,65,70,123
2,0,7,47,0,3,53,9,0,58,54,57,63,67,121
0,0,10,47,0,4,48,14,0,52,57,61,71,66,123
0,0,8,48,1,2,49,14,0,51,56,58,70,65,122
1,0,7,46,0,2,53,11,0,56,53,55,64,67,120
1,0,6,53,1,3,47,12,0,51,59,62,71,63,123
1,0,9,46,0,3,52,10,0,56,55,58,65,66,121
1,0,10,44,1,1,53,11,0,55,54,55,65,66,121
1,0,10,44,0,3,55,10,0,59,54,57,64,69,123
1,0,9,47,0,2,51,10,0,54,56,58,66,64,120
1,0,6,49,1,4,57,5,0,62,55,59,60,67,123
1,0,11,47,1,5,46,15,0,52,58,63,73,67,126
1,0,0,51,1,3,55,11,0,59,51,54,62,70,122
1,0,8,50,0,4,51,10,0,56,58,62,68,66,124
1,0,8,44,1,3,57,8,0,61,52,55,60,69,122
1,0,7,45,1,3,54,10,0,58,52,55,62,68,121
1,0,13,47,1,1,48,11,0,50,60,61,71,61,122
1,0,8,47,0,2,50,13,0,53,55,57,68,66,121
1,0,11,45,0,2,51,13,0,54,56,58,69,67,123
1,0,8,47,0,6,55,8,0,62,55,61,63,70,125
0,0,11,44,1,2,50,14,0,52,55,57,69,66,122
1,0,6,50,1,2,47,15,0,50,56,58,71,65,122
1,0,8,49,0,2,51,10,0,54,57,59,67,64,121
1,0,7,50,1,4,47,11,0,52,57,61,68,63,121
1,0,12,40,0,2,55,11,0,58,52,54,63,69,121
1,0,7,47,1,3,52,12,0,56,54,57,66,68,123
1,0,9,46,1,5,53,10,0,59,55,60,65,69,125
1,0,10,43,0,0,58,8,0,59,53,53,61,67,120
1,0,9,45,0,0,59,6,0,60,54,54,60,66,120
1,0,8,49,1,4,51,9,0,56,57,61,66,65,123
1,0,7,44,0,3,54,14,0,58,51,54,65,72,123
1,0,7,45,1,3,53,13,0,57,52,55,65,70,123
0,0,11,38,0,3,59,11,0,62,49,52,60,73,122
1,0,7,49,0,1,50,13,0,52,56,57,69,65,121
3,0,6,47,1,2,52,10,0,57,53,55,63,67,121
0,0,7,53,1,3,44,13,0,47,60,63,73,60,121
0,0,9,49,1,2,47,13,0,49,58,60,71,62,121
1,0,11,48,1,4,51,8,0,56,59,63,67,64,124
1,0,12,43,1,2,49,14,0,52,55,57,69,66,122
1,0,8,48,0,3,46,15,0,50,56,59,71,65,121
2,0,7,48,0,3,49,12,0,54,55,58,67,66,121
0,0,0,48,1,3,54,16,0,57,48,51,64,73,122
1,0,11,44,0,4,51,12,0,56,55,59,67,68,123
2,0,11,43,0,0,52,12,0,54,54,54,66,66,120
1,0,8,52,0,1,50,9,0,52,60,61,69,61,121
1,0,9,51,1,2,48,11,0,51,60,62,71,62,123
1,0,8,40,1,4,57,14,0,62,48,52,62,76,125
3,0,9,44,1,3,51,12,0,57,53,56,65,69,123
4,0,0,47,0,3,56,11,0,63,47,50,58,74,121
1,0,10,47,0,3,54,7,0,58,57,60,64,65,122
1,0,7,45,0,3,53,12,0,57,52,55,64,69,121
1,0,7,47,1,3,51,11,0,55,54,57,65,66,121
1,0,7,52,1,3,51,7,0,55,59,62,66,62,122
1,0,9,46,0,3,49,12,0,53,55,58,67,65,120
1,0,10,47,1,3,49,11,0,53,57,60,68,64,122
1,0,9,49,0,2,54,7,0,57,58,60,65,64,122
1,0,8,43,1,3,56,12,0,60,51,54,63,72,124
0,0,7,48,1,4,47,15,0,51,55,59,70,66,122
2,0,11,43,1,3,51,12,0,56,54,57,66,68,123
1,0,7,48,1,4,48,15,0,53,55,59,70,68,124
2,0,10,46,0,4,52,8,0,58,56,60,64,66,122
1,0,8,45,1,3,54,10,0,58,53,56,63,68,122
2,0,0,55,1,3,53,7,0,58,55,58,62,65,121
2,0,7,49,1,3,51,8,0,56,56,59,64,64,121
1,0,11,43,1,5,55,10,0,61,54,59,64,71,126
1,0,0,55,0,4,51,12,0,56,55,59,67,68,123
1,0,6,50,1,2,53,9,0,56,56,58,65,65,122
1,0,13,44,0,4,50,12,0,55,57,61,69,67,124
2,0,9,42,0,5,52,14,0,59,51,56,65,73,124
1,0,7,49,0,4,48,13,0,53,56,60,69,66,122
1,0,10,46,1,0,50,13,0,51,56,56,69,64,121
1,0,10,44,1,1,52,13,0,54,54,55,67,67,122
1,0,8,47,1,5,47,15,0,53,55,60,70,68,124
2,0,8,49,1,2,49,10,0,53,57,59,67,63,121
2,0,8,44,1,4,52,13,0,58,52,56,65,71,124
1,0,8,47,0,6,47,11,0,54,55,61,66,65,120
1,0,9,46,0,2,53,9,0,56,55,57,64,65,120
1,0,8,51,0,3,50,10,0,54,59,62,69,64,123
1,0,7,48,1,4,56,7,0,61,55,59,62,68,124
1,0,8,43,1,3,54,12,0,58,51,54,63,70,122
1,0,7,50,0,4,52,10,0,57,57,61,67,67,124
1,0,8,44,1,3,53,12,0,57,52,55,64,69,122
1,0,8,46,1,2,55,10,0,58,54,56,64,68,123
0,0,8,47,1,4,54,9,0,58,55,59,64,67,123
0,0,11,42,0,3,52,14,0,55,53,56,67,69,122
1,0,0,52,1,6,53,9,0,60,52,58,61,69,122
1,0,9,47,1,5,53,9,0,59,56,61,65,68,125
0,0,8,44,0,2,50,16,0,52,52,54,68,68,120
1,0,6,50,1,3,53,9,0,57,56,59,65,66,123
2,0,10,42,1,2,55,8,0,59,52,54,60,67,120
0,0,6,48,1,3,54,11,0,57,54,57,65,68,123
1,0,8,47,1,3,52,10,0,56,55,58,65,66,122
0,0,7,48,0,4,53,11,0,57,55,59,66,68,123
1,0,10,47,0,2,53,8,0,56,57,59,65,64,121
1,0,0,50,0,4,53,13,0,58,50,54,63,71,121
3,0,7,48,0,0,48,14,0,51,55,55,69,65,120
1,0,8,44,0,5,55,10,0,61,52,57,62,71,123
1,0,8,45,1,4,58,8,0,63,53,57,61,71,125
1,0,7,46,1,4,51,12,0,56,53,57,65,68,122
0,0,10,52,1,0,48,10,0,48,62,62,72,58,121
1,0,6,50,0,2,50,11,0,53,56,58,67,64,120
0,0,6,51,0,4,52,10,0,56,57,61,67,66,123
1,0,0,55,1,4,51,12,0,56,55,59,67,68,124
1,0,9,50,1,2,49,9,0,52,59,61,68,61,121
0,0,7,48,1,2,51,13,0,53,55,57,68,66,122
0,0,9,46,0,3,51,11,0,54,55,58,66,65,120
0,0,14,43,1,5,45,13,0,50,57,62,70,63,121
3,0,8,45,0,2,50,13,0,55,53,55,66,68,121
1,0,6,48,1,4,52,11,0,57,54,58,65,68,123
1,0,0,50,1,3,57,9,0,61,50,53,59,70,121
1,0,8,42,1,3,58,10,0,62,50,53,60,72,123
2,0,10,42,1,1,56,9,0,59,52,53,61,68,121
1,0,7,49,0,4,50,11,0,55,56,60,67,66,122
1,0,6,48,1,4,46,16,0,51,54,58,70,67,122
0,0,8,47,0,2,55,8,0,57,55,57,63,65,120
1,0,9,47,1,2,51,11,0,54,56,58,67,65,122
0,0,8,49,1,3,51,9,0,54,57,60,66,63,121
1,0,9,44,0,4,51,15,0,56,53,57,68,71,124
1,0,8,49,1,2,52,9,0,55,57,59,66,64,122
0,0,9,45,1,2,52,12,0,54,54,56,66,66,121
1,0,7,49,0,1,53,9,0,55,56,57,65,64,120
3,0,12,43,1,5,49,13,0,57,55,60,68,70,126
1,0,8,50,1,2,48,11,0,51,58,60,69,62,121
1,0,8,46,1,4,50,14,0,55,54,58,68,69,124
1,0,7,44,1,4,55,9,0,60,51,55,60,69,121
0,0,8,49,0,3,52,10,0,55,57,60,67,65,122
0,0,7,51,1,3,50,10,0,53,58,61,68,63,122
1,0,0,54,1,6,51,13,0,58,54,60,67,71,126
0,0,7,49,0,2,53,10,0,55,56,58,66,65,121
0,0,8,48,1,4,52,11,0,56,56,60,67,67,124
1,0,7,53,0,2,46,11,0,49,60,62,71,60,120
1,0,6,48,0,2,56,9,0,59,54,56,63,68,122
0,0,8,49,0,3,48,13,0,51,57,60,70,64,121
1,0,0,55,0,3,53,8,0,57,55,58,63,65,120
1,0,9,44,0,2,51,13,0,54,53,55,66,67,120
1,0,0,52,1,4,55,8,0,60,52,56,60,68,121
0,0,8,47,1,4,54,9,0,58,55,59,64,67,123
0,0,9,46,1,3,54,8,0,57,55,58,63,65,121
1,0,0,53,0,4,50,15,0,55,53,57,68,70,123
0,0,8,46,1,3,54,9,0,57,54,57,63,66,121
1,0,9,44,1,4,53,13,0,58,53,57,66,71,125
1,0,7,51,1,4,48,10,0,53,58,62,68,63,122
0,0,10,48,0,3,49,11,0,52,58,61,69,63,121
0,0,6,54,1,4,48,11,0,52,60,64,71,63,124
1,0,9,52,0,5,47,9,0,53,61,66,70,62,123
0,0,10,45,1,3,52,12,0,55,55,58,67,67,123
1,0,9,49,1,2,49,11,0,52,58,60,69,63,122
2,0,9,46,1,3,52,10,0,57,55,58,65,67,123
1,0,0,56,1,6,47,13,0,54,56,62,69,67,124
0,0,7,52,1,1,50,10,0,51,59,60,69,61,121
0,0,10,43,1,4,54,12,0,58,53,57,65,70,124
1,0,7,54,1,2,46,10,0,49,61,63,71,59,121
1,0,0,50,1,4,55,11,0,60,50,54,61,71,122
1,0,7,47,1,3,56,9,0,60,54,57,63,69,124
0,0,7,52,1,2,51,8,0,53,59,61,67,61,121
1,0,10,44,1,0,54,11,0,55,54,54,65,66,121
1,0,9,45,1,4,51,14,0,56,54,58,68,70,125
1,0,12,49,1,2,45,11,0,48,61,63,72,59,121
1,0,7,48,0,4,49,13,0,54,55,59,68,67,122
1,0,10,46,1,5,50,11,0,56,56,61,67,67,124
0,0,12,46,0,5,48,13,0,53,58,63,71,66,124
1,0,9,45,0,4,51,12,0,56,54,58,66,68,122
3,0,7,48,1,4,49,12,0,56,55,59,67,68,124
1,0,15,39,1,5,49,12,0,55,54,59,66,67,122
1,0,9,41,0,2,56,11,0,59,50,52,61,70,120
2,0,11,48,1,6,46,11,0,54,59,65,70,65,125
1,0,11,43,1,4,53,12,0,58,54,58,66,70,125
1,0,10,45,1,3,52,10,0,56,55,58,65,66,122
0,0,6,47,1,5,57,8,0,62,53,58,61,70,124
1,0,9,49,0,3,48,11,0,52,58,61,69,63,121
1,0,12,48,0,4,49,10,0,54,60,64,70,64,124
1,0,10,44,0,3,52,12,0,56,54,57,66,68,122
1,0,0,51,1,0,59,10,0,60,51,51,61,70,122
0,0,10,43,0,3,47,18,0,50,53,56,71,68,121
1,0,10,43,0,4,53,13,0,58,53,57,66,71,124
1,0,8,46,0,2,57,7,0,60,54,56,61,67,121
1,0,10,46,1,1,48,14,0,50,56,57,70,64,121
0,0,9,45,1,5,48,16,0,53,54,59,70,69,124
2,0,9,46,0,2,50,11,0,54,55,57,66,65,120
1,0,7,47,1,2,52,12,0,55,54,56,66,67,122
1,0,8,48,0,3,50,13,0,54,56,59,69,67,123
1,0,11,43,1,4,51,12,0,56,54,58,66,68,123
1,0,0,52,1,4,53,12,0,58,52,56,64,70,123
1,0,9,42,1,3,60,7,0,64,51,54,58,71,123
1,0,9,51,1,3,43,15,0,47,60,63,75,62,123
0,0,7,51,1,4,50,9,0,54,58,62,67,63,122
1,0,7,42,1,2,58,12,0,61,49,51,61,73,123
1,0,9,47,1,3,48,13,0,52,56,59,69,65,122
1,0,10,47,0,2,49,13,0,52,57,59,70,65,122
1,0,9,43,0,2,56,10,0,59,52,54,62,69,121
2,0,12,44,1,4,50,10,0,56,56,60,66,66,123
1,0,8,46,0,4,54,11,0,59,54,58,65,70,124
1,0,0,51,1,4,53,12,0,58,51,55,63,70,122
2,0,9,45,1,3,49,13,0,54,54,57,67,67,122
0,0,8,49,0,4,52,10,0,56,57,61,67,66,123
0,0,11,44,0,3,53,11,0,56,55,58,66,67,122
1,0,7,51,1,2,50,10,0,53,58,60,68,63,122
0,0,9,48,1,4,49,13,0,53,57,61,70,66,124
1,0,10,48,1,3,51,10,0,55,58,61,68,65,124
1,0,6,49,0,4,52,11,0,57,55,59,66,68,123
1,0,11,50,1,2,46,10,0,49,61,63,71,59,121
1,0,0,56,1,3,52,9,0,56,56,59,65,65,122
2,0,7,51,1,2,47,12,0,51,58,60,70,63,122
0,0,12,46,0,3,52,9,0,55,58,61,67,64,122
0,0,0,51,0,6,57,11,0,63,51,57,62,74,125
1,0,7,48,1,2,55,9,0,58,55,57,64,67,123
2,0,0,54,0,1,54,9,0,57,54,55,63,66,120
1,0,8,46,1,3,50,13,0,54,54,57,67,67,122
1,0,6,50,1,4,51,11,0,56,56,60,67,67,124
1,0,10,48,0,4,47,10,0,52,58,62,68,62,120
1,0,7,50,1,4,50,11,0,55,57,61,68,66,124
0,0,9,46,0,2,52,11,0,54,55,57,66,65,120
2,0,8,43,1,2,56,10,0,60,51,53,61,70,122
1,0,10,44,0,3,52,12,0,56,54,57,66,68,122
1,0,8,49,0,3,48,12,0,52,57,60,69,64,121
0,0,9,43,0,3,55,12,0,58,52,55,64,70,122
1,0,7,47,1,2,57,7,0,60,54,56,61,67,122
1,0,13,44,0,0,54,8,0,55,57,57,65,63,120
1,0,8,49,1,4,49,12,0,54,57,61,69,66,124
1,0,9,46,1,2,52,10,0,55,55,57,65,65,121
0,0,8,48,0,6,50,13,0,56,56,62,69,69,125
1,0,7,47,0,5,54,11,0,60,54,59,65,71,125
1,0,13,42,1,4,48,14,0,53,55,59,69,67,123
1,0,8,48,0,3,48,13,0,52,56,59,69,65,121
2,0,11,41,1,3,52,13,0,57,52,55,65,70,123
1,0,6,51,0,3,46,16,0,50,57,60,73,66,123
1,0,10,48,0,1,48,12,0,50,58,59,70,62,120
1,0,10,51,1,4,48,9,0,53,61,65,70,62,124
1,0,14,38,1,3,54,12,0,58,52,55,64,70,123
1,0,8,47,1,3,53,8,0,57,55,58,63,65,121
1,0,11,45,1,5,52,11,0,58,56,61,67,69,126
1,0,7,49,0,2,50,11,0,53,56,58,67,64,120
2,0,9,50,0,4,46,12,0,52,59,63,71,64,123
0,0,8,46,0,2,60,5,0,62,54,56,59,67,121
0,0,8,50,0,2,49,12,0,51,58,60,70,63,121
1,0,8,49,0,4,47,14,0,52,57,61,71,66,123
0,0,10,47,1,1,48,14,0,49,57,58,71,63,121
1,0,9,43,0,5,54,12,0,60,52,57,64,72,124
0,0,11,44,1,3,52,11,0,55,55,58,66,66,122
0,0,10,43,0,5,55,11,0,60,53,58,64,71,124
1,0,8,48,0,3,49,12,0,53,56,59,68,65,121
0,0,8,45,1,4,54,12,0,58,53,57,65,70,124
1,0,0,54,0,3,47,17,0,51,54,57,71,68,122
1,0,9,48,1,3,49,11,0,53,57,60,68,64,122
1,0,8,43,0,4,52,13,0,57,51,55,64,70,121
1,0,11,44,1,2,50,13,0,53,55,57,68,66,122
1,0,13,43,1,2,50,12,0,53,56,58,68,65,122
0,0,9,46,0,6,50,14,0,56,55,61,69,70,125
1,0,8,48,1,4,50,12,0,55,56,60,68,67,124
1,0,7,48,0,4,53,10,0,58,55,59,65,68,123
2,0,7,50,1,4,51,7,0,57,57,61,64,64,122
1,0,0,51,0,2,58,9,0,61,51,53,60,70,121
1,0,9,50,1,5,49,9,0,55,59,64,68,64,124
1,0,9,49,0,2,53,8,0,56,58,60,66,64,122
1,0,7,49,1,1,51,12,0,53,56,57,68,65,122
1,0,8,49,1,2,53,8,0,56,57,59,65,64,122
1,0,8,49,1,3,51,9,0,55,57,60,66,64,122
1,0,7,51,1,3,50,9,0,54,58,61,67,63,122
1,0,9,42,1,4,60,7,0,65,51,55,58,72,124
1,0,10,47,1,2,50,11,0,53,57,59,68,64,122
0,0,6,52,1,4,49,9,0,53,58,62,67,62,121
1,0,14,45,1,3,45,14,0,49,59,62,73,63,123
1,0,8,46,0,3,53,11,0,57,54,57,65,68,122
2,0,8,42,1,5,54,12,0,61,50,55,62,73,124
1,0,7,49,0,5,51,7,0,57,56,61,63,64,120
1,0,10,45,1,2,54,10,0,57,55,57,65,67,123
1,0,9,44,0,5,50,14,0,56,53,58,67,70,123
1,0,6,54,1,3,48,9,0,52,60,63,69,61,122
0,0,6,53,1,3,49,11,0,52,59,62,70,63,123
1,0,7,50,1,3,51,8,0,55,57,60,65,63,121
0,0,8,52,0,4,48,9,0,52,60,64,69,61,121
0,0,7,49,0,3,53,9,0,56,56,59,65,65,121
1,0,7,54,0,3,47,11,0,51,61,64,72,62,123
1,0,6,49,1,3,52,10,0,56,55,58,65,66,122
1,0,11,42,1,1,52,14,0,54,53,54,67,68,122
1,0,7,44,1,5,53,15,0,59,51,56,66,74,126
1,0,7,49,1,3,50,11,0,54,56,59,67,65,122
0,0,8,45,1,3,54,10,0,57,53,56,63,67,121
2,0,8,43,0,5,57,9,0,64,51,56,60,73,124
1,0,8,48,1,3,52,10,0,56,56,59,66,66,123
2,0,12,42,0,4,55,7,0,61,54,58,61,68,122
0,0,7,47,1,3,52,12,0,55,54,57,66,67,122
1,0,7,47,1,2,54,10,0,57,54,56,64,67,122
1,0,8,46,1,5,51,13,0,57,54,59,67,70,125
1,0,10,43,1,3,52,12,0,56,53,56,65,68,122
1,0,9,47,0,4,48,14,0,53,56,60,70,67,123
0,0,6,50,0,4,52,8,0,56,56,60,64,64,120
1,0,8,52,0,4,46,11,0,51,60,64,71,62,122
1,0,7,47,0,2,52,12,0,55,54,56,66,67,121
1,0,0,55,1,2,51,13,0,54,55,57,68,67,123
1,0,8,51,1,3,49,10,0,53,59,62,69,63,123
1,0,6,46,1,4,54,11,0,59,52,56,63,70,123
3,0,7,53,1,2,44,12,0,49,60,62,72,61,122
1,0,6,50,1,4,49,12,0,54,56,60,68,66,123
2,0,8,45,0,3,51,11,0,56,53,56,64,67,120
1,0,8,47,1,2,53,9,0,56,55,57,64,65,121
1,0,6,51,1,2,51,10,0,54,57,59,67,64,122
1,0,6,53,0,3,49,10,0,53,59,62,69,63,122
0,0,0,51,1,4,56,11,0,60,51,55,62,71,123
1,0,9,48,1,3,48,11,0,52,57,60,68,63,121
1,0,10,46,0,4,49,12,0,54,56,60,68,66,122
1,0,6,50,1,2,52,11,0,55,56,58,67,66,123
0,0,7,49,0,3,52,9,0,55,56,59,65,64,120
1,0,8,48,1,2,51,11,0,54,56,58,67,65,122
0,0,11,48,1,2,50,9,0,52,59,61,68,61,121
0,0,0,49,0,4,51,18,0,55,49,53,67,73,122
0,0,7,46,0,3,50,14,0,53,53,56,67,67,120
2,0,8,50,1,2,49,10,0,53,58,60,68,63,122
1,0,7,46,1,2,54,11,0,57,53,55,64,68,122
1,0,6,51,1,3,52,10,0,56,57,60,67,66,124
1,0,8,44,1,3,49,15,0,53,52,55,67,68,121
1,0,8,49,0,5,51,10,0,57,57,62,67,67,124
2,0,8,46,1,4,54,9,0,60,54,58,63,69,124
1,0,8,49,0,5,47,16,0,53,57,62,73,69,126
1,0,11,45,1,2,52,11,0,55,56,58,67,66,123
2,0,8,44,1,5,53,11,0,60,52,57,63,71,124
1,0,8,44,0,3,55,11,0,59,52,55,63,70,122
1,0,9,46,1,4,53,9,0,58,55,59,64,67,123
4,0,10,48,1,4,44,11,0,52,58,62,69,63,122
0,0,8,50,1,6,46,10,0,52,58,64,68,62,121
1,0,7,45,1,3,50,17,0,54,52,55,69,71,124
1,0,7,44,1,3,54,14,0,58,51,54,65,72,124
0,0,10,44,0,4,53,12,0,57,54,58,66,69,123
1,0,7,47,1,4,49,15,0,54,54,58,69,69,124
1,0,9,43,0,1,53,13,0,55,52,53,65,68,120
1,0,7,47,0,3,53,10,0,57,54,57,64,67,121
0,0,8,53,1,1,49,9,0,50,61,62,70,59,121
1,0,9,44,1,4,50,15,0,55,53,57,68,70,124
1,0,6,48,0,3,52,13,0,56,54,57,67,69,123
1,0,7,53,0,4,49,8,0,54,60,64,68,62,122
1,0,7,49,1,3,46,14,0,50,56,59,70,64,121
1,0,11,44,0,2,52,11,0,55,55,57,66,66,121
0,0,9,49,0,2,51,9,0,53,58,60,67,62,120
1,0,10,44,1,3,57,8,0,61,54,57,62,69,124
1,0,11,44,0,4,54,9,0,59,55,59,64,68,123
0,0,0,49,0,4,60,10,0,64,49,53,59,74,123
1,0,9,46,0,4,52,9,0,57,55,59,64,66,121
1,0,8,49,0,4,49,13,0,54,57,61,70,67,124
1,0,0,53,1,3,47,16,0,51,53,56,69,67,121
1,0,9,49,0,4,49,10,0,54,58,62,68,64,122
1,0,7,48,0,4,49,15,0,54,55,59,70,69,124
1,0,9,43,1,2,55,11,0,58,52,54,63,69,122
1,0,6,45,1,2,58,9,0,61,51,53,60,70,122
3,0,7,44,0,2,53,12,0,58,51,53,63,70,121
1,0,8,47,0,2,48,15,0,51,55,57,70,66,121
1,0,7,50,0,2,48,14,0,51,57,59,71,65,122
1,0,12,43,1,4,50,14,0,55,55,59,69,69,125
1,0,7,49,0,2,51,11,0,54,56,58,67,65,121
1,0,0,50,1,2,58,10,0,61,50,52,60,71,122
1,0,11,42,1,3,52,13,0,56,53,56,66,69,123
1,0,8,53,1,2,48,8,0,51,61,63,69,59,121
1,0,0,53,1,4,53,11,0,58,53,57,64,69,123
1,0,8,45,0,5,52,13,0,58,53,58,66,71,124
1,0,9,48,0,2,49,11,0,52,57,59,68,63,120
1,0,7,51,1,5,49,11,0,55,58,63,69,66,125
0,0,9,50,1,2,44,15,0,46,59,61,74,61,121
0,0,9,48,1,4,51,11,0,55,57,61,68,66,124
1,0,9,40,1,3,57,12,0,61,49,52,61,73,123
1,0,8,51,0,2,53,6,0,56,59,61,65,62,121
1,0,10,49,0,3,51,9,0,55,59,62,68,64,123
1,0,9,43,1,0,56,11,0,57,52,52,63,68,121
1,0,9,44,1,2,56,9,0,59,53,55,62,68,122
1,0,12,44,1,5,52,10,0,58,56,61,66,68,125
0,0,8,47,0,3,50,12,0,53,55,58,67,65,120
3,0,9,46,1,2,51,10,0,56,55,57,65,66,122
1,0,7,49,0,2,52,9,0,55,56,58,65,64,120
2,0,7,48,1,0,53,10,0,55,55,55,65,65,121
1,0,9,47,1,5,54,7,0,60,56,61,63,67,124
1,0,7,50,0,3,52,9,0,56,57,60,66,65,122
0,0,9,47,1,2,57,6,0,59,56,58,62,65,122
1,0,10,49,1,3,49,11,0,53,59,62,70,64,124
1,0,7,46,1,2,55,10,0,58,53,55,63,68,122
0,0,0,49,1,4,57,13,0,61,49,53,62,74,124
1,0,10,44,0,2,53,11,0,56,54,56,65,67,121
0,0,7,49,0,2,52,11,0,54,56,58,67,65,121
1,0,7,46,0,3,54,10,0,58,53,56,63,68,121
0,0,9,52,1,2,48,9,0,50,61,63,70,59,121
1,0,9,45,0,3,51,13,0,55,54,57,67,68,122
0,0,7,45,0,3,52,14,0,55,52,55,66,69,121
0,0,9,49,1,2,51,10,0,53,58,60,68,63,122
1,0,10,45,1,4,50,10,0,55,55,59,65,65,121
1,0,8,51,1,2,49,9,0,52,59,61,68,61,121
1,0,8,48,0,3,48,14,0,52,56,59,70,66,122
1,0,10,43,1,3,53,11,0,57,53,56,64,68,122
0,0,8,47,0,4,54,10,0,58,55,59,65,68,123
1,0,8,49,1,3,51,10,0,55,57,60,67,65,123
1,0,0,56,1,5,47,14,0,53,56,61,70,67,124
2,0,9,47,0,2,48,12,0,52,56,58,68,64,120
2,0,8,47,1,4,48,13,0,54,55,59,68,67,123
1,0,7,48,0,3,53,10,0,57,55,58,65,67,122
1,0,9,48,0,3,52,10,0,56,57,60,67,66,123
2,0,9,42,1,3,52,12,0,57,51,54,63,69,121
1,0,7,53,1,4,44,13,0,49,60,64,73,62,123
1,0,7,50,0,5,47,10,0,53,57,62,67,63,120
1,0,10,45,0,5,51,12,0,57,55,60,67,69,124
3,0,8,49,0,2,52,7,0,57,57,59,64,64,121
2,0,8,49,1,2,50,10,0,54,57,59,67,64,122
2,0,8,47,1,3,53,9,0,58,55,58,64,67,123
1,0,11,41,1,3,50,13,0,54,52,55,65,67,120
1,0,10,44,1,4,54,9,0,59,54,58,63,68,123
2,0,8,44,1,4,55,10,0,61,52,56,62,71,124
1,0,8,50,0,2,54,7,0,57,58,60,65,64,122
1,0,6,49,0,3,52,11,0,56,55,58,66,67,122
1,0,7,44,1,5,56,11,0,62,51,56,62,73,125
0,0,8,47,1,5,52,12,0,57,55,60,67,69,125
1,0,7,48,0,5,49,14,0,55,55,60,69,69,124
1,0,7,43,1,2,54,14,0,57,50,52,64,71,122
1,0,12,43,1,3,55,8,0,59,55,58,63,67,123
1,0,7,50,0,5,50,11,0,56,57,62,68,67,124
1,0,10,49,1,2,50,10,0,53,59,61,69,63,123
2,0,7,47,1,4,55,7,0,61,54,58,61,68,123
1,0,0,50,0,3,56,11,0,60,50,53,61,71,121
1,0,9,52,1,5,45,11,0,51,61,66,72,62,124
1,0,7,47,1,3,51,12,0,55,54,57,66,67,122
1,0,7,42,0,3,56,13,0,60,49,52,62,73,122
3,0,11,43,0,1,50,12,0,54,54,55,66,66,120
1,0,8,51,0,3,45,14,0,49,59,62,73,63,122
2,0,8,53,0,4,44,10,0,50,61,65,71,60,121
1,0,12,44,0,5,51,12,0,57,56,61,68,69,125
1,0,7,48,1,3,50,12,0,54,55,58,67,66,122
2,0,9,44,0,3,52,11,0,57,53,56,64,68,121
1,0,10,45,0,4,51,12,0,56,55,59,67,68,123
1,0,10,44,0,4,51,10,0,56,54,58,64,66,120
1,0,10,51,0,0,45,14,0,46,61,61,75,60,121
0,0,11,44,0,1,54,10,0,55,55,56,65,65,120
2,0,8,42,1,2,53,14,0,57,50,52,64,71,122
1,0,12,48,1,3,51,8,0,55,60,63,68,63,124
0,0,8,49,0,4,52,7,0,56,57,61,64,63,120
1,0,8,47,1,2,54,10,0,57,55,57,65,67,123
1,0,10,46,1,3,51,12,0,55,56,59,68,67,124
1,0,12,47,1,4,48,10,0,53,59,63,69,63,123
0,0,8,49,1,3,53,8,0,56,57,60,65,64,122
2,0,9,46,1,6,52,8,0,60,55,61,63,68,124
1,0,7,47,0,5,52,13,0,58,54,59,67,71,125
2,0,9,45,0,2,51,11,0,55,54,56,65,66,120
1,0,10,44,1,4,49,16,0,54,54,58,70,70,125
1,0,9,48,0,4,49,13,0,54,57,61,70,67,124
1,0,7,50,1,3,50,10,0,54,57,60,67,64,122
0,0,7,47,1,3,56,8,0,59,54,57,62,67,122
0,0,9,51,1,3,51,8,0,54,60,63,68,62,123
1,0,7,49,0,4,53,9,0,58,56,60,65,67,123
1,0,7,50,1,2,48,13,0,51,57,59,70,64,122
1,0,8,43,1,3,54,12,0,58,51,54,63,70,122
1,0,8,45,0,3,54,11,0,58,53,56,64,69,122
1,0,12,44,0,4,48,11,0,53,56,60,67,64,120
1,0,11,44,1,2,53,10,0,56,55,57,65,66,122
1,0,8,50,1,4,51,8,0,56,58,62,66,64,123
0,0,7,49,1,2,50,12,0,52,56,58,68,64,121
1,0,8,47,0,4,52,11,0,57,55,59,66,68,123
0,0,10,47,1,2,51,10,0,53,57,59,67,63,121
2,0,11,45,1,4,47,14,0,53,56,60,70,67,124
1,0,9,48,1,2,46,15,0,49,57,59,72,64,122
1,0,10,47,1,4,48,13,0,53,57,61,70,66,124
1,0,8,50,0,1,49,11,0,51,58,59,69,62,120
1,0,7,51,1,2,50,10,0,53,58,60,68,63,122
0,0,10,46,1,4,52,8,0,56,56,60,64,64,121
1,0,10,49,0,3,49,9,0,53,59,62,68,62,121
1,0,6,56,1,2,45,11,0,48,62,64,73,59,122
1,0,7,52,0,2,51,9,0,54,59,61,68,63,122
0,0,12,39,0,2,49,18,0,51,51,53,69,69,120
1,0,9,43,1,3,56,11,0,60,52,55,63,71,124
1,0,9,48,1,3,51,10,0,55,57,60,67,65,123
1,0,7,51,1,3,50,10,0,54,58,61,68,64,123
0,0,7,48,0,3,53,11,0,56,55,58,66,67,122
1,0,6,54,1,4,49,7,0,54,60,64,67,61,122
1,0,10,48,1,4,50,10,0,55,58,62,68,65,124
1,0,10,48,1,3,51,10,0,55,58,61,68,65,124
1,0,8,44,1,3,53,13,0,57,52,55,65,70,123
0,0,0,49,1,2,56,14,0,58,49,51,63,72,122
1,0,11,45,1,2,46,16,0,49,56,58,72,65,122
1,0,8,50,0,3,52,7,0,56,58,61,65,63,121
1,0,8,47,1,2,50,12,0,53,55,57,67,65,121
1,0,7,51,0,4,51,9,0,56,58,62,67,65,123
0,0,8,49,0,3,51,10,0,54,57,60,67,64,121
1,0,9,48,1,3,51,9,0,55,57,60,66,64,122
1,0,0,58,0,4,51,10,0,56,58,62,68,66,124
2,0,9,43,1,3,55,10,0,60,52,55,62,70,123
2,0,8,50,1,2,49,9,0,53,58,60,67,62,121
2,0,9,49,1,2,44,15,0,48,58,60,73,63,122
1,0,10,50,0,2,46,12,0,49,60,62,72,61,121
2,0,8,55,0,3,44,9,0,49,63,66,72,58,121
1,0,9,49,1,3,50,10,0,54,58,61,68,64,123
1,0,9,46,1,4,51,12,0,56,55,59,67,68,124
0,0,0,51,1,2,57,11,0,59,51,53,62,70,122
1,0,11,47,0,2,50,11,0,53,58,60,69,64,122
6,0,8,46,1,2,46,12,0,54,54,56,66,66,121
1,0,10,45,0,3,51,13,0,55,55,58,68,68,123
1,0,7,51,0,4,49,9,0,54,58,62,67,63,121
1,0,7,45,0,3,56,10,0,60,52,55,62,70,122
4,0,9,44,0,5,52,10,0,61,53,58,63,71,124
1,0,8,50,1,4,51,9,0,56,58,62,67,65,124
1,0,7,46,1,3,54,10,0,58,53,56,63,68,122
1,0,8,46,1,2,52,11,0,55,54,56,65,66,121
1,0,9,51,1,3,48,9,0,52,60,63,69,61,122
0,0,8,43,0,4,57,8,0,61,51,55,59,69,120
1,0,9,48,0,1,47,14,0,49,57,58,71,63,120
0,0,9,50,1,3,51,9,0,54,59,62,68,63,123
1,0,0,54,1,4,51,11,0,56,54,58,65,67,122
1,0,11,45,0,3,50,10,0,54,56,59,66,64,120
1,0,8,49,0,4,47,14,0,52,57,61,71,66,123
1,0,0,52,1,3,56,10,0,60,52,55,62,70,123
1,0,10,49,1,2,52,6,0,55,59,61,65,61,121
1,0,9,55,0,3,44,9,0,48,64,67,73,57,121
1,0,9,47,0,3,53,10,0,57,56,59,66,67,123
1,0,8,48,1,4,53,9,0,58,56,60,65,67,124
1,0,8,49,1,1,53,9,0,55,57,58,66,64,122
0,0,9,48,1,5,52,9,0,57,57,62,66,66,124
2,0,9,47,1,4,48,13,0,54,56,60,69,67,124
1,0,7,47,1,2,54,9,0,57,54,56,63,66,121
1,0,8,51,1,3,48,11,0,52,59,62,70,63,123
1,0,8,52,0,2,48,9,0,51,60,62,69,60,120
1,0,9,48,0,2,49,11,0,52,57,59,68,63,120
1,0,9,45,0,4,52,11,0,57,54,58,65,68,122
0,0,9,42,0,4,50,17,0,54,51,55,68,71,122
0,0,9,48,0,4,48,13,0,52,57,61,70,65,122
1,0,10,44,0,3,48,14,0,52,54,57,68,66,120
1,0,8,44,1,3,54,13,0,58,52,55,65,71,124
2,0,10,45,1,4,53,10,0,59,55,59,65,69,125
0,0,10,49,1,1,49,11,0,50,59,60,70,61,121
0,0,7,50,0,2,51,10,0,53,57,59,67,63,120
1,0,8,46,1,4,52,13,0,57,54,58,67,70,125
1,0,8,47,0,4,52,11,0,57,55,59,66,68,123
1,0,9,48,1,5,50,11,0,56,57,62,68,67,125
1,0,0,52,0,5,53,13,0,59,52,57,65,72,124
1,0,11,43,0,4,53,11,0,58,54,58,65,69,123
1,0,11,44,0,2,51,12,0,54,55,57,67,66,121
1,0,8,50,0,2,46,14,0,49,58,60,72,63,121
1,0,13,41,0,3,53,11,0,57,54,57,65,68,122
0,0,8,43,0,3,53,14,0,56,51,54,65,70,121
0,0,0,59,0,4,44,13,0,48,59,63,72,61,120
1,0,10,46,1,5,50,12,0,56,56,61,68,68,125
1,0,10,45,0,3,53,9,0,57,55,58,64,66,121
0,0,12,46,0,2,47,13,0,49,58,60,71,62,120
1,0,6,50,0,4,48,11,0,53,56,60,67,64,120
1,0,9,47,0,3,50,10,0,54,56,59,66,64,120
1,0,7,43,0,2,56,11,0,59,50,52,61,70,120
1,0,8,49,0,4,50,11,0,55,57,61,68,66,123
1,0,9,46,1,2,50,13,0,53,55,57,68,66,122
0,0,9,46,0,2,54,10,0,56,55,57,65,66,121
1,0,8,48,1,2,45,16,0,48,56,58,72,64,121
1,0,7,50,1,5,50,10,0,56,57,62,67,66,124
1,0,8,51,0,3,49,10,0,53,59,62,69,63,122
1,0,10,46,0,5,51,11,0,57,56,61,67,68,124
2,0,11,44,0,5,52,10,0,59,55,60,65,69,124
1,0,11,45,1,0,50,13,0,51,56,56,69,64,121
1,0,8,45,1,4,52,12,0,57,53,57,65,69,123
1,0,7,49,0,4,54,9,0,59,56,60,65,68,124
1,0,12,46,0,3,51,7,0,55,58,61,65,62,120
0,0,0,56,0,2,47,15,0,49,56,58,71,64,120
1,0,0,49,1,2,56,11,0,59,49,51,60,70,120
1,0,9,45,1,4,54,10,0,59,54,58,64,69,124
0,0,0,52,1,5,51,12,0,56,52,57,64,68,121
1,0,8,48,1,4,46,13,0,51,56,60,69,64,121
1,0,0,55,0,2,48,15,0,51,55,57,70,66,121
2,0,8,48,0,6,53,7,0,61,56,62,63,68,124
1,0,11,41,1,3,53,13,0,57,52,55,65,70,123
1,0,10,45,1,4,52,10,0,57,55,59,65,67,123
1,0,7,47,1,2,53,10,0,56,54,56,64,66,121
1,0,0,48,1,3,54,16,0,58,48,51,64,74,123
1,0,9,48,1,4,52,9,0,57,57,61,66,66,124
1,0,7,46,1,5,56,9,0,62,53,58,62,71,125
1,0,10,44,0,3,53,12,0,57,54,57,66,69,123
0,0,9,52,0,3,50,8,0,53,61,64,69,61,122
2,0,9,46,0,2,48,14,0,52,55,57,69,66,121
1,0,9,43,1,3,51,13,0,55,52,55,65,68,121
1,0,8,48,1,3,48,14,0,52,56,59,70,66,123
1,0,8,49,1,1,51,10,0,53,57,58,67,63,121
1,0,8,47,1,4,49,13,0,54,55,59,68,67,123
1,0,7,47,1,4,49,14,0,54,54,58,68,68,123
1,0,10,45,0,3,52,11,0,56,55,58,66,67,122
1,0,8,44,0,4,54,11,0,59,52,56,63,70,122
1,0,10,48,0,2,49,10,0,52,58,60,68,62,120
1,0,8,45,1,4,53,13,0,58,53,57,66,71,125
1,0,7,50,1,3,48,13,0,52,57,60,70,65,123
1,0,8,49,1,4,47,15,0,52,57,61,72,67,125
1,0,10,42,1,2,50,17,0,53,52,54,69,70,123
0,0,0,57,1,2,49,13,0,51,57,59,70,64,122
2,0,8,50,1,5,49,10,0,56,58,63,68,66,125
1,0,10,41,1,3,54,14,0,58,51,54,65,72,124
4,0,9,45,0,3,51,9,0,58,54,57,63,67,121
1,0,7,46,1,4,55,10,0,60,53,57,63,70,124
1,0,6,49,0,2,52,11,0,55,55,57,66,66,121
1,0,6,46,1,2,57,9,0,60,52,54,61,69,122
3,0,7,44,0,2,53,12,0,58,51,53,63,70,121
0,0,9,46,1,4,53,9,0,57,55,59,64,66,122
1,0,11,46,1,4,48,9,0,53,57,61,66,62,120
1,0,9,46,1,3,51,11,0,55,55,58,66,66,122
1,0,8,47,1,3,50,13,0,54,55,58,68,67,123
1,0,8,43,0,2,53,13,0,56,51,53,64,69,120
0,0,8,46,0,2,52,12,0,54,54,56,66,66,120
1,0,9,47,0,2,49,14,0,52,56,58,70,66,122
1,0,9,42,1,2,55,12,0,58,51,53,63,70,122
1,0,11,42,0,2,54,11,0,57,53,55,64,68,121
0,0,12,46,1,3,49,12,0,52,58,61,70,64,123
1,0,6,48,1,3,56,7,0,60,54,57,61,67,122
1,0,7,48,0,3,54,10,0,58,55,58,65,68,123
1,0,0,53,0,2,52,12,0,55,53,55,65,67,120
4,0,10,44,0,4,48,12,0,56,54,58,66,68,122
0,0,0,57,0,3,50,12,0,53,57,60,69,65,122
1,0,9,47,1,1,52,11,0,54,56,57,67,65,122
1,0,9,47,0,5,53,10,0,59,56,61,66,69,125
1,0,7,49,0,3,49,12,0,53,56,59,68,65,121
1,0,8,44,1,4,47,18,0,52,52,56,70,70,123
2,0,10,48,0,3,49,9,0,54,58,61,67,63,121
1,0,10,48,1,5,49,12,0,55,58,63,70,67,126
1,0,9,46,1,3,55,9,0,59,55,58,64,68,124
1,0,9,47,1,0,49,15,0,50,56,56,71,65,122
4,0,7,50,1,4,49,9,0,57,57,61,66,66,124
1,0,10,44,1,4,55,9,0,60,54,58,63,69,124
0,0,6,52,0,3,52,8,0,55,58,61,66,63,121
1,0,0,52,0,2,55,11,0,58,52,54,63,69,121
2,0,10,46,1,2,49,12,0,53,56,58,68,65,122
1,0,9,47,0,6,52,9,0,59,56,62,65,68,124
1,0,8,48,1,4,50,13,0,55,56,60,69,68,125
1,0,7,51,1,3,50,9,0,54,58,61,67,63,122
1,0,8,50,1,5,49,9,0,55,58,63,67,64,123
1,0,8,43,3,3,53,10,0,57,51,54,61,67,121
1,0,7,51,1,4,50,11,0,55,58,62,69,66,125
2,0,7,48,0,2,52,9,0,56,55,57,64,65,120
1,0,8,51,1,3,49,10,0,53,59,62,69,63,123
0,0,7,52,0,3,45,14,0,48,59,62,73,62,121
0,0,9,48,1,3,47,15,0,50,57,60,72,65,123
1,0,10,46,0,2,49,13,0,52,56,58,69,65,121
2,0,12,45,1,4,48,11,0,54,57,61,68,65,123
1,0,10,44,1,5,52,10,0,58,54,59,64,68,123
1,0,8,48,1,4,50,11,0,55,56,60,67,66,123
2,0,11,42,0,4,51,13,0,57,53,57,66,70,123
2,0,8,43,1,3,54,11,0,59,51,54,62,70,122
1,0,8,46,1,3,49,14,0,53,54,57,68,67,122
0,0,7,50,1,3,51,9,0,54,57,60,66,63,121
1,0,7,49,0,2,51,10,0,54,56,58,66,64,120
2,0,6,49,0,5,48,13,0,55,55,60,68,68,123
1,0,8,45,0,3,55,10,0,59,53,56,63,69,122
2,0,11,41,1,2,52,12,0,56,52,54,64,68,121
1,0,10,48,0,2,48,12,0,51,58,60,70,63,121
1,0,7,49,0,2,53,9,0,56,56,58,65,65,121
1,0,8,47,1,2,49,14,0,52,55,57,69,66,122
1,0,7,49,1,4,54,9,0,59,56,60,65,68,125
1,0,11,45,1,3,51,12,0,55,56,59,68,67,124
2,0,7,48,1,5,53,8,0,60,55,60,63,68,124
1,0,8,46,1,3,48,16,0,52,54,57,70,68,123
1,0,12,44,0,2,54,9,0,57,56,58,65,66,122
1,0,11,45,1,2,51,11,0,54,56,58,67,65,122
1,0,9,38,1,3,59,14,0,63,47,50,61,77,125
1,0,10,44,0,3,54,10,0,58,54,57,64,68,122
1,0,8,44,1,5,47,18,0,53,52,57,70,71,124
1,0,6,49,1,3,51,12,0,55,55,58,67,67,123
0,0,7,51,1,4,51,10,0,55,58,62,68,65,124
1,0,0,51,1,4,56,11,0,61,51,55,62,72,124
1,0,9,47,0,2,53,10,0,56,56,58,66,66,122
0,0,7,51,0,2,48,13,0,50,58,60,71,63,121
1,0,7,46,0,2,55,9,0,58,53,55,62,67,120
1,0,9,46,1,3,52,11,0,56,55,58,66,67,123
1,0,7,42,1,4,55,15,0,60,49,53,64,75,125
0,0,7,50,0,2,50,11,0,52,57,59,68,63,120
1,0,9,47,0,3,52,10,0,56,56,59,66,66,122
1,0,9,52,0,4,48,10,0,53,61,65,71,63,124
1,0,9,47,0,1,51,11,0,53,56,57,67,64,120
2,0,10,41,1,2,57,9,0,61,51,53,60,70,122
1,0,8,45,1,2,55,9,0,58,53,55,62,67,121
1,0,7,50,1,5,51,9,0,57,57,62,66,66,124
1,0,7,47,1,3,54,11,0,58,54,57,65,69,124
2,0,10,43,1,2,55,9,0,59,53,55,62,68,122
1,0,9,44,1,4,49,14,0,54,53,57,67,68,122
0,0,8,47,1,4,51,11,0,55,55,59,66,66,122
1,0,8,49,1,3,52,10,0,56,57,60,67,66,124
1,0,9,45,1,3,54,8,0,58,54,57,62,66,121
4,0,8,50,1,3,46,11,0,53,58,61,69,64,123
1,0,10,42,0,2,53,13,0,56,52,54,65,69,121
0,0,9,44,1,0,55,12,0,55,53,53,65,67,121
1,0,8,48,0,2,52,9,0,55,56,58,65,64,120
1,0,10,47,0,2,51,10,0,54,57,59,67,64,121
1,0,8,48,0,2,53,9,0,56,56,58,65,65,121
2,0,8,48,0,4,54,7,0,60,56,60,63,67,123
1,0,9,51,0,3,48,8,0,52,60,63,68,60,120
1,0,7,51,1,3,47,13,0,51,58,61,71,64,123
1,0,8,49,0,4,49,12,0,54,57,61,69,66,123
1,0,7,45,1,3,56,9,0,60,52,55,61,69,122
1,0,8,47,0,2,50,13,0,53,55,57,68,66,121
1,0,0,52,0,4,53,13,0,58,52,56,65,71,123
1,0,9,44,1,3,51,14,0,55,53,56,67,69,123
1,0,9,48,1,2,52,9,0,55,57,59,66,64,122
1,0,7,48,1,4,52,10,0,57,55,59,65,67,123
1,0,7,47,1,2,49,15,0,52,54,56,69,67,122
0,0,10,46,0,4,52,10,0,56,56,60,66,66,122
1,0,8,48,1,2,52,10,0,55,56,58,66,65,122
1,0,10,47,1,2,53,9,0,56,57,59,66,65,123
1,0,8,48,0,4,49,13,0,54,56,60,69,67,123
2,0,8,44,1,2,54,11,0,58,52,54,63,69,122
0,0,7,54,0,3,50,8,0,53,61,64,69,61,122
3,0,8,46,1,4,48,13,0,55,54,58,67,68,123
0,0,11,43,0,4,54,11,0,58,54,58,65,69,123
0,0,12,44,1,2,52,10,0,54,56,58,66,64,121
1,0,9,45,0,4,52,12,0,57,54,58,66,69,123
1,0,7,48,1,3,51,12,0,55,55,58,67,67,123
1,0,10,49,1,2,49,10,0,52,59,61,69,62,122
0,0,9,49,1,2,47,14,0,49,58,60,72,63,122
2,0,11,47,1,4,49,9,0,55,58,62,67,64,123
1,0,8,51,1,2,49,11,0,52,59,61,70,63,123
1,0,0,51,1,3,53,15,0,57,51,54,66,72,124
0,0,8,45,1,3,55,10,0,58,53,56,63,68,122
0,0,7,50,0,3,51,11,0,54,57,60,68,65,122
1,0,7,50,1,3,50,12,0,54,57,60,69,66,124
1,0,7,43,1,4,57,11,0,62,50,54,61,73,124
1,0,8,52,0,3,46,12,0,50,60,63,72,62,122
0,0,9,43,0,3,57,10,0,60,52,55,62,70,122
1,0,9,50,1,4,46,13,0,51,59,63,72,64,124
0,0,7,49,0,4,53,9,0,57,56,60,65,66,122
1,0,10,46,0,4,51,9,0,56,56,60,65,65,121
1,0,8,46,1,6,52,11,0,59,54,60,65,70,125
0,0,10,45,0,1,54,10,0,55,55,56,65,65,120
2,0,8,47,0,4,55,7,0,61,55,59,62,68,123
0,0,8,45,1,3,56,10,0,59,53,56,63,69,123
0,0,11,44,0,2,49,14,0,51,55,57,69,65,120
1,0,9,48,1,4,50,10,0,55,57,61,67,65,123
0,0,9,46,1,5,50,14,0,55,55,60,69,69,125
1,0,7,50,0,3,51,9,0,55,57,60,66,64,121
1,0,9,51,0,2,49,10,0,52,60,62,70,62,122
0,0,8,43,1,1,54,14,0,55,51,52,65,69,121
1,0,7,49,0,2,54,8,0,57,56,58,64,65,121
0,0,7,46,1,3,53,13,0,56,53,56,66,69,123
1,0,7,44,1,4,52,16,0,57,51,55,67,73,125
2,0,8,45,1,5,53,11,0,60,53,58,64,71,125
1,0,9,44,0,3,52,12,0,56,53,56,65,68,121
1,0,11,44,0,3,51,11,0,55,55,58,66,66,121
0,0,11,41,1,5,51,15,0,56,52,57,67,71,124
1,0,9,45,0,4,54,10,0,59,54,58,64,69,123
1,0,10,44,1,6,50,13,0,57,54,60,67,70,125
1,0,0,54,1,3,52,13,0,56,54,57,67,69,124
1,0,10,49,1,3,49,11,0,53,59,62,70,64,124
1,0,0,56,0,3,51,9,0,55,56,59,65,64,120
1,0,9,45,1,5,53,11,0,59,54,59,65,70,125
0,0,9,48,0,3,56,6,0,59,57,60,63,65,122
2,0,8,44,1,2,57,7,0,61,52,54,59,68,121
1,0,12,41,0,5,52,13,0,58,53,58,66,71,124
2,0,12,45,1,3,46,13,0,51,57,60,70,64,122
1,0,0,49,0,4,55,14,0,60,49,53,63,74,123
2,0,10,44,0,3,53,10,0,58,54,57,64,68,122
0,0,7,46,0,4,54,11,0,58,53,57,64,69,122
1,0,10,39,1,1,57,12,0,59,49,50,61,71,121
1,0,6,50,1,2,53,8,0,56,56,58,64,64,121
1,0,9,39,1,2,60,9,0,63,48,50,57,72,121
1,0,9,46,0,2,53,9,0,56,55,57,64,65,120
1,0,9,55,0,3,43,9,0,47,64,67,73,56,120
1,0,8,44,1,2,55,11,0,58,52,54,63,69,122
1,0,9,45,1,2,53,11,0,56,54,56,65,67,122
0,0,14,42,1,3,49,14,0,52,56,59,70,66,123
2,0,10,49,1,5,45,12,0,52,59,64,71,64,124
1,0,0,54,0,2,54,10,0,57,54,56,64,67,121
1,0,12,44,1,2,50,12,0,53,56,58,68,65,122
1,0,7,54,0,2,46,11,0,49,61,63,72,60,121
1,0,0,54,1,3,55,8,0,59,54,57,62,67,122
0,0,8,47,0,5,49,14,0,54,55,60,69,68,123
2,0,9,44,1,6,53,11,0,61,53,59,64,72,126
1,0,7,49,1,3,53,9,0,57,56,59,65,66,123
0,0,7,42,1,2,55,14,0,57,49,51,63,71,121
1,0,13,40,1,1,53,13,0,55,53,54,66,68,122
1,0,8,49,0,3,52,8,0,56,57,60,65,64,121
1,0,9,43,1,3,54,11,0,58,52,55,63,69,122
1,0,0,48,1,4,55,13,0,60,48,52,61,73,122
1,0,7,49,0,5,49,13,0,55,56,61,69,68,124
1,0,7,47,1,4,52,9,0,57,54,58,63,66,121
1,0,9,44,0,2,51,14,0,54,53,55,67,68,121
1,0,9,46,1,5,49,14,0,55,55,60,69,69,125
1,0,9,49,0,3,48,13,0,52,58,61,71,65,123
1,0,9,44,1,4,53,11,0,58,53,57,64,69,123
1,0,8,48,0,3,53,8,0,57,56,59,64,65,121
1,0,6,51,0,3,51,11,0,55,57,60,68,66,123
1,0,15,43,0,3,46,14,0,50,58,61,72,64,122
1,0,7,46,1,3,53,10,0,57,53,56,63,67,121
1,0,7,50,0,2,49,12,0,52,57,59,69,64,121
1,0,7,42,0,3,55,12,0,59,49,52,61,71,120
1,0,8,46,1,3,49,14,0,53,54,57,68,67,122
1,0,0,52,1,2,57,9,0,60,52,54,61,69,122
1,0,8,45,1,1,52,14,0,54,53,54,67,68,122
1,0,8,46,1,2,52,13,0,55,54,56,67,68,123
1,0,7,50,1,4,49,11,0,54,57,61,68,65,123
1,0,9,47,0,2,54,9,0,57,56,58,65,66,122
0,0,9,47,1,3,48,14,0,51,56,59,70,65,122
0,0,11,49,1,4,49,10,0,53,60,64,70,63,124
1,0,10,48,1,2,50,11,0,53,58,60,69,64,123
1,0,7,51,0,4,47,13,0,52,58,62,71,65,123
1,0,9,48,0,3,50,12,0,54,57,60,69,66,123
1,0,8,45,1,2,52,12,0,55,53,55,65,67,121
0,0,8,54,1,2,46,11,0,48,62,64,73,59,122
1,0,11,48,0,3,46,13,0,50,59,62,72,63,122
0,0,7,50,0,4,52,10,0,56,57,61,67,66,123
2,0,0,51,0,4,50,13,0,56,51,55,64,69,120
1,0,10,44,0,2,53,10,0,56,54,56,64,66,120
1,0,10,50,1,4,47,11,0,52,60,64,71,63,124
1,0,10,46,0,2,52,10,0,55,56,58,66,65,121
0,0,10,46,0,3,51,10,0,54,56,59,66,64,120
1,0,6,50,0,3,49,14,0,53,56,59,70,67,123
1,0,10,51,1,5,47,9,0,53,61,66,70,62,124
1,0,8,46,1,4,51,10,0,56,54,58,64,66,121
1,0,9,41,2,3,54,11,0,58,50,53,61,69,121
1,0,7,46,0,4,53,12,0,58,53,57,65,70,123
2,0,9,48,1,4,46,14,0,52,57,61,71,66,124
3,0,9,44,1,6,55,7,0,64,53,59,60,71,125
1,0,8,48,1,2,48,13,0,51,56,58,69,64,121
1,0,8,43,1,4,54,13,0,59,51,55,64,72,124
2,0,7,47,1,5,53,8,0,60,54,59,62,68,123
1,0,11,41,1,4,53,13,0,58,52,56,65,71,124
3,0,9,47,2,2,47,10,0,52,56,58,66,62,120
0,0,12,46,1,3,51,10,0,54,58,61,68,64,123
2,0,8,44,0,3,54,9,0,59,52,55,61,68,120
2,0,7,47,1,3,52,11,0,57,54,57,65,68,123
1,0,9,45,0,3,48,16,0,52,54,57,70,68,122
0,0,10,44,1,3,56,9,0,59,54,57,63,68,123
1,0,9,46,1,0,51,13,0,52,55,55,68,65,121
1,0,6,57,0,3,43,11,0,47,63,66,74,58,121
1,0,0,52,1,5,52,14,0,58,52,57,66,72,125
2,0,9,43,1,3,55,8,0,60,52,55,60,68,121
1,0,9,51,0,4,45,11,0,50,60,64,71,61,121
0,0,7,46,0,3,52,14,0,55,53,56,67,69,122
0,0,8,50,1,2,48,13,0,50,58,60,71,63,122
3,0,9,44,0,2,54,9,0,59,53,55,62,68,121
1,0,10,50,0,2,49,9,0,52,60,62,69,61,121
1,0,10,48,1,2,49,12,0,52,58,60,70,64,123
1,0,11,48,0,4,48,10,0,53,59,63,69,63,122
1,0,7,45,1,5,50,16,0,56,52,57,68,72,125
1,0,10,46,1,3,52,9,0,56,56,59,65,65,122
1,0,8,49,0,4,47,13,0,52,57,61,70,65,122
1,0,10,45,1,3,53,9,0,57,55,58,64,66,122
1,0,6,50,0,3,53,9,0,57,56,59,65,66,122
3,0,6,47,1,3,50,13,0,56,53,56,66,69,123
1,0,9,49,1,3,51,9,0,55,58,61,67,64,123
0,0,7,48,0,3,56,8,0,59,55,58,63,67,122
1,0,7,47,1,5,53,11,0,59,54,59,65,70,125
1,0,8,48,0,2,51,11,0,54,56,58,67,65,121
1,0,8,46,1,2,54,9,0,57,54,56,63,66,121
2,0,8,45,1,3,52,11,0,57,53,56,64,68,122
1,0,8,46,1,4,53,11,0,58,54,58,65,69,124
1,0,7,49,1,2,53,8,0,56,56,58,64,64,121
1,0,11,43,1,3,53,11,0,57,54,57,65,68,123
1,0,9,49,0,3,47,11,0,51,58,61,69,62,120
0,0,9,49,0,3,49,11,0,52,58,61,69,63,121
0,0,8,44,1,4,54,12,0,58,52,56,64,70,123
1,0,10,45,1,2,54,10,0,57,55,57,65,67,123
0,0,11,45,0,5,52,10,0,57,56,61,66,67,123
1,0,10,47,1,3,51,8,0,55,57,60,65,63,121
1,0,8,49,1,0,47,14,0,48,57,57,71,62,120
0,0,7,53,1,1,49,10,0,50,60,61,70,60,121
1,0,0,55,1,3,48,14,0,52,55,58,69,66,122
1,0,6,50,1,3,51,10,0,55,56,59,66,65,122
1,0,10,47,0,3,50,9,0,54,57,60,66,63,120
1,0,7,48,0,2,51,13,0,54,55,57,68,67,122
1,0,9,47,0,4,49,13,0,54,56,60,69,67,123
1,0,6,49,1,3,45,17,0,49,55,58,72,66,122
2,0,9,49,1,3,45,13,0,50,58,61,71,63,122
1,0,9,47,0,4,51,9,0,56,56,60,65,65,121
1,0,0,56,0,0,54,9,0,55,56,56,65,64,120
1,0,9,46,1,3,52,11,0,56,55,58,66,67,123
2,0,11,44,0,3,51,10,0,56,55,58,65,66,121
0,0,8,48,1,3,50,13,0,53,56,59,69,66,123
1,0,9,45,1,3,51,11,0,55,54,57,65,66,121
1,0,7,47,0,3,57,6,0,61,54,57,60,67,121
2,0,10,43,1,3,54,10,0,59,53,56,63,69,123
0,0,9,47,0,3,49,14,0,52,56,59,70,66,122
1,0,9,50,0,5,51,8,0,57,59,64,67,65,124
0,0,0,48,1,4,55,16,0,59,48,52,64,75,124
1,0,7,49,0,3,53,9,0,57,56,59,65,66,122
0,0,6,49,1,0,54,11,0,54,55,55,66,65,121
1,0,7,52,0,3,48,9,0,52,59,62,68,61,120
0,0,6,48,0,3,50,15,0,53,54,57,69,68,122
0,0,9,43,1,3,54,11,0,57,52,55,63,68,121
0,0,7,53,0,3,44,13,0,47,60,63,73,60,120
1,0,7,49,0,2,50,11,0,53,56,58,67,64,120
0,0,9,46,0,4,51,13,0,55,55,59,68,68,123
2,0,10,46,0,2,51,10,0,55,56,58,66,65,121
1,0,10,44,1,3,54,10,0,58,54,57,64,68,123
1,0,0,59,1,2,50,10,0,53,59,61,69,63,123
1,0,11,49,0,4,49,9,0,54,60,64,69,63,123
1,0,8,43,1,4,52,14,0,57,51,55,65,71,123
0,0,9,48,1,2,51,10,0,53,57,59,67,63,121
1,0,14,45,0,3,48,11,0,52,59,62,70,63,122
0,0,10,47,0,3,51,11,0,54,57,60,68,65,122
1,0,8,47,1,2,56,7,0,59,55,57,62,66,122
1,0,10,48,0,3,46,14,0,50,58,61,72,64,122
1,0,7,48,1,2,56,7,0,59,55,57,62,66,122
1,0,6,52,0,4,47,12,0,52,58,62,70,64,122
1,0,10,46,0,4,52,11,0,57,56,60,67,68,124
2,0,7,47,0,4,55,7,0,61,54,58,61,68,122
1,0,0,51,0,3,51,16,0,55,51,54,67,71,122
1,0,8,45,0,1,48,17,0,50,53,54,70,67,120
1,0,7,51,0,3,49,10,0,53,58,61,68,63,121
0,0,9,45,1,3,52,12,0,55,54,57,66,67,122
1,0,6,50,0,2,50,11,0,53,56,58,67,64,120
1,0,6,48,1,2,52,11,0,55,54,56,65,66,121
1,0,9,48,1,2,48,13,0,51,57,59,70,64,122
1,0,11,45,0,4,53,10,0,58,56,60,66,68,124
2,0,9,43,0,3,56,8,0,61,52,55,60,69,121
1,0,9,48,0,3,52,10,0,56,57,60,67,66,123
0,0,8,49,1,3,51,10,0,54,57,60,67,64,122
1,0,8,47,1,2,53,11,0,56,55,57,66,67,123
0,0,11,45,0,1,49,14,0,50,56,57,70,64,120
1,0,7,49,0,2,55,7,0,58,56,58,63,65,121
1,0,7,50,1,4,54,8,0,59,57,61,65,67,125
1,0,8,50,1,6,50,10,0,57,58,64,68,67,126
1,0,9,48,1,5,47,13,0,53,57,62,70,66,124
1,0,10,49,0,4,49,10,0,54,59,63,69,64,123
1,0,6,51,0,4,53,9,0,58,57,61,66,67,124
1,0,8,50,1,3,52,8,0,56,58,61,66,64,123
1,0,8,44,0,5,56,9,0,62,52,57,61,71,123
1,0,11,49,1,3,48,10,0,52,60,63,70,62,123
0,0,8,42,1,2,57,12,0,59,50,52,62,71,122
1,0,10,47,1,4,50,11,0,55,57,61,68,66,124
2,0,9,45,0,3,50,12,0,55,54,57,66,67,121
1,0,8,49,0,2,50,11,0,53,57,59,68,64,121
1,0,10,43,1,2,55,10,0,58,53,55,63,68,122
1,0,7,46,0,3,49,14,0,53,53,56,67,67,120
3,0,7,47,1,3,54,7,0,60,54,57,61,67,122
1,0,9,46,1,4,54,9,0,59,55,59,64,68,124
1,0,9,46,1,2,48,14,0,51,55,57,69,65,121
1,0,13,44,1,3,47,14,0,51,57,60,71,65,123
0,0,12,45,1,3,51,11,0,54,57,60,68,65,123
1,0,7,48,0,2,55,9,0,58,55,57,64,67,122
2,0,7,47,0,1,53,10,0,56,54,55,64,66,120
0,0,9,51,1,5,49,9,0,54,60,65,69,63,124
1,0,12,44,0,1,54,9,0,56,56,57,65,65,121
1,0,9,46,1,3,54,10,0,58,55,58,65,68,124
0,0,11,43,1,0,54,11,0,54,54,54,65,65,120
1,0,0,53,0,4,51,14,0,56,53,57,67,70,123
1,0,7,48,1,3,51,12,0,55,55,58,67,67,123
0,0,9,46,0,3,52,11,0,55,55,58,66,66,121
1,0,10,45,0,2,51,12,0,54,55,57,67,66,121
0,0,8,48,1,3,48,14,0,51,56,59,70,65,122
1,0,11,46,1,3,52,10,0,56,57,60,67,66,124
9,0,9,39,0,6,51,9,0,66,48,54,57,75,123
0,0,8,45,0,4,56,9,0,60,53,57,62,69,122
0,0,6,50,1,3,52,11,0,55,56,59,67,66,123
2,0,9,44,0,2,54,10,0,58,53,55,63,68,121
2,0,10,42,1,3,55,10,0,60,52,55,62,70,123
1,0,0,53,0,2,56,10,0,59,53,55,63,69,122
1,0,7,45,1,3,51,13,0,55,52,55,65,68,121
1,0,0,52,1,3,54,11,0,58,52,55,63,69,122
1,0,9,44,0,5,54,11,0,60,53,58,64,71,124
1,0,8,48,0,3,48,13,0,52,56,59,69,65,121
1,0,14,46,1,4,44,14,0,49,60,64,74,63,124
1,0,7,47,1,2,54,10,0,57,54,56,64,67,122
1,0,9,44,1,3,54,11,0,58,53,56,64,69,123
2,0,8,42,1,2,60,7,0,64,50,52,57,71,122
1,0,11,44,2,3,47,12,0,51,55,58,67,63,120
1,0,10,43,1,2,53,12,0,56,53,55,65,68,122
1,0,7,51,1,4,48,10,0,53,58,62,68,63,122
1,0,8,50,0,2,53,8,0,56,58,60,66,64,122
0,0,7,46,1,3,50,15,0,53,53,56,68,68,122
1,0,7,51,0,3,48,12,0,52,58,61,70,64,122
2,0,7,51,0,4,47,10,0,53,58,62,68,63,121
1,0,10,41,0,2,54,14,0,57,51,53,65,71,122
1,0,10,48,0,3,49,12,0,53,58,61,70,65,123
1,0,7,47,1,7,47,11,0,55,54,61,65,66,121
0,0,11,41,1,4,54,10,0,58,52,56,62,68,121
0,0,8,49,0,3,51,9,0,54,57,60,66,63,120
0,0,7,53,1,4,46,12,0,50,60,64,72,62,123
1,0,8,46,0,4,48,15,0,53,54,58,69,68,122
1,0,8,47,1,4,53,10,0,58,55,59,65,68,124
0,0,9,44,1,2,57,8,0,59,53,55,61,67,121
1,0,8,53,0,2,48,9,0,51,61,63,70,60,121
1,0,7,48,1,3,49,13,0,53,55,58,68,66,122
1,0,14,40,0,3,55,9,0,59,54,57,63,68,122
1,0,6,50,0,4,46,16,0,51,56,60,72,67,123
1,0,8,48,1,2,51,10,0,54,56,58,66,64,121
0,0,12,43,1,1,56,8,0,57,55,56,63,65,121
1,0,7,48,1,2,56,8,0,59,55,57,63,67,123
1,0,8,46,1,2,53,10,0,56,54,56,64,66,121
1,0,8,43,1,3,53,14,0,57,51,54,65,71,123
2,0,8,50,1,4,49,10,0,55,58,62,68,65,124
2,0,10,42,0,2,47,18,0,51,52,54,70,69,121
1,0,0,55,0,3,50,12,0,54,55,58,67,66,121
1,0,8,44,1,4,56,10,0,61,52,56,62,71,124
1,0,8,50,1,4,48,12,0,53,58,62,70,65,124
1,0,6,46,0,3,55,11,0,59,52,55,63,70,122
1,0,7,46,0,3,54,11,0,58,53,56,64,69,122
0,0,9,45,0,3,54,11,0,57,54,57,65,68,122
1,0,9,47,0,4,52,11,0,57,56,60,67,68,124
1,0,7,55,1,2,47,9,0,50,62,64,71,59,122
0,0,9,49,0,3,51,10,0,54,58,61,68,64,122
1,0,0,49,0,4,57,10,0,62,49,53,59,72,121
1,0,8,46,0,3,53,10,0,57,54,57,64,67,121
0,0,8,51,1,3,46,11,0,49,59,62,70,60,120
0,0,12,46,1,2,50,11,0,52,58,60,69,63,122
1,0,0,54,0,2,53,11,0,56,54,56,65,67,121
1,0,0,53,1,2,55,10,0,58,53,55,63,68,122
1,0,7,53,0,2,46,11,0,49,60,62,71,60,120
1,0,7,45,0,4,56,9,0,61,52,56,61,70,122
0,0,10,49,1,4,51,8,0,55,59,63,67,63,123
0,0,8,47,0,2,54,9,0,56,55,57,64,65,120
1,0,10,48,0,3,49,9,0,53,58,61,67,62,120
1,0,9,46,1,3,54,9,0,58,55,58,64,67,123
1,0,6,48,0,2,51,14,0,54,54,56,68,68,122
2,0,9,47,1,4,47,14,0,53,56,60,70,67,124
1,0,7,51,1,3,48,12,0,52,58,61,70,64,123
2,0,6,50,0,4,46,15,0,52,56,60,71,67,123
1,0,9,44,1,3,48,17,0,52,53,56,70,69,123
1,0,8,46,0,4,52,11,0,57,54,58,65,68,122
2,0,9,53,1,4,44,10,0,50,62,66,72,60,123
3,0,9,46,1,4,53,6,0,60,55,59,61,66,122
1,0,8,48,0,3,48,14,0,52,56,59,70,66,122
1,0,11,43,1,3,51,14,0,55,54,57,68,69,124
0,0,9,49,1,2,52,9,0,54,58,60,67,63,122
1,0,10,47,0,6,51,9,0,58,57,63,66,67,124
1,0,7,45,1,1,55,12,0,57,52,53,64,69,122
1,0,7,47,1,2,53,11,0,56,54,56,65,67,122
1,0,11,44,0,3,48,15,0,52,55,58,70,67,122
1,0,8,49,1,3,50,10,0,54,57,60,67,64,122
1,0,7,47,1,6,54,9,0,61,54,60,63,70,125
1,0,0,51,0,3,52,13,0,56,51,54,64,69,120
1,0,6,48,1,4,48,14,0,53,54,58,68,67,122
0,0,11,42,0,3,49,16,0,52,53,56,69,68,121
1,0,8,43,1,5,49,18,0,55,51,56,69,73,125
1,0,9,46,0,4,50,13,0,55,55,59,68,68,123
1,0,9,45,0,4,52,12,0,57,54,58,66,69,123
1,0,7,49,0,3,51,12,0,55,56,59,68,67,123
1,0,7,45,3,2,56,7,0,59,52,54,59,66,121
1,0,6,51,1,5,49,9,0,55,57,62,66,64,122
1,0,8,44,1,4,54,12,0,59,52,56,64,71,124
1,0,8,49,1,3,49,12,0,53,57,60,69,65,123
0,0,9,45,1,4,53,11,0,57,54,58,65,68,123
1,0,7,48,0,3,52,11,0,56,55,58,66,67,122
1,0,7,49,1,2,54,7,0,57,56,58,63,64,121
0,0,6,51,0,3,47,13,0,50,57,60,70,63,120
1,0,8,49,0,2,53,9,0,56,57,59,66,65,122
2,0,10,43,1,4,57,7,0,63,53,57,60,70,124
0,0,7,52,1,4,50,10,0,54,59,63,69,64,124
2,0,7,45,0,4,49,16,0,55,52,56,68,71,123
0,0,7,42,1,3,59,11,0,62,49,52,60,73,123
0,0,8,47,0,3,51,11,0,54,55,58,66,65,120
0,0,8,47,0,5,52,11,0,57,55,60,66,68,123
1,0,7,49,1,3,49,11,0,53,56,59,67,64,121
2,0,9,42,1,5,56,9,0,63,51,56,60,72,124
1,0,8,50,1,3,47,13,0,51,58,61,71,64,123
1,0,9,44,1,3,52,13,0,56,53,56,66,69,123
1,0,10,50,1,5,43,14,0,49,60,65,74,63,124
1,0,8,46,0,3,53,10,0,57,54,57,64,67,121
0,0,9,49,1,2,48,13,0,50,58,60,71,63,122
1,0,11,44,1,4,50,12,0,55,55,59,67,67,123
0,0,6,50,0,2,51,11,0,53,56,58,67,64,120
0,0,0,53,0,2,57,9,0,59,53,55,62,68,121
0,0,8,50,1,5,50,11,0,55,58,63,69,66,125
1,0,10,45,1,4,52,12,0,57,55,59,67,69,125
1,0,10,44,0,2,57,8,0,60,54,56,62,68,122
1,0,11,44,0,3,53,10,0,57,55,58,65,67,122
1,0,13,41,1,3,51,13,0,55,54,57,67,68,123
1,0,9,49,0,2,49,11,0,52,58,60,69,63,121
0,0,8,47,0,3,55,10,0,58,55,58,65,68,123
2,0,0,51,1,6,56,9,0,64,51,57,60,73,125
1,0,0,52,1,1,58,9,0,60,52,53,61,69,122
1,0,9,47,1,3,49,11,0,53,56,59,67,64,121
1,0,8,44,1,2,50,15,0,53,52,54,67,68,121
3,0,11,39,0,5,53,13,0,61,50,55,63,74,124
1,0,8,48,1,3,51,11,0,55,56,59,67,66,123
1,0,7,52,0,4,47,11,0,52,59,63,70,63,122
0,0,8,44,0,4,53,13,0,57,52,56,65,70,122
0,0,11,43,0,3,53,12,0,56,54,57,66,68,122
1,0,9,48,0,3,48,13,0,52,57,60,70,65,122
1,0,9,46,0,3,53,9,0,57,55,58,64,66,121
0,0,8,47,1,3,53,10,0,56,55,58,65,66,122
1,0,7,48,0,3,50,12,0,54,55,58,67,66,121
1,0,7,49,1,4,53,10,0,58,56,60,66,68,125
0,0,7,51,1,2,45,15,0,47,58,60,73,62,121
4,0,6,47,0,4,53,9,0,61,53,57,62,70,123
0,0,7,50,0,0,52,11,0,52,57,57,68,63,120
1,0,0,56,0,5,52,9,0,58,56,61,65,67,123
1,0,11,44,0,4,52,10,0,57,55,59,65,67,122
3,0,12,45,1,3,46,11,0,52,57,60,68,63,121
1,0,12,45,1,1,47,14,0,49,57,58,71,63,121
1,0,10,47,1,3,52,10,0,56,57,60,67,66,124
0,0,10,46,0,2,53,10,0,55,56,58,66,65,121
1,0,7,50,0,3,50,10,0,54,57,60,67,64,121
1,0,7,50,1,5,48,9,0,54,57,62,66,63,121
1,0,7,45,0,4,55,12,0,60,52,56,64,72,124
1,0,9,48,1,2,50,11,0,53,57,59,68,64,122
0,0,0,55,0,5,54,10,0,59,55,60,65,69,124
1,0,10,43,0,3,51,14,0,55,53,56,67,69,122
3,0,9,45,0,3,50,12,0,56,54,57,66,68,122
1,0,7,47,0,5,52,12,0,58,54,59,66,70,124
3,0,11,42,0,2,49,14,0,54,53,55,67,68,121
0,0,8,51,0,3,43,15,0,46,59,62,74,61,120
1,0,9,47,0,4,54,9,0,59,56,60,65,68,124
1,0,8,47,0,1,52,11,0,54,55,56,66,65,120
1,0,7,48,0,3,54,10,0,58,55,58,65,68,123
1,0,7,49,1,1,50,13,0,52,56,57,69,65,122
0,0,8,44,1,1,58,9,0,59,52,53,61,68,121
2,0,10,42,1,4,48,16,0,54,52,56,68,70,123
1,0,7,48,1,4,50,13,0,55,55,59,68,68,124
4,0,10,42,0,4,54,9,0,62,52,56,61,71,123
1,0,8,47,1,1,53,11,0,55,55,56,66,66,122
1,0,9,47,1,3,47,14,0,51,56,59,70,65,122
2,0,0,52,1,4,54,9,0,60,52,56,61,69,122
1,0,7,48,0,3,54,9,0,58,55,58,64,67,122
2,0,0,53,1,3,50,12,0,55,53,56,65,67,121
1,0,9,44,0,5,52,14,0,58,53,58,67,72,125
1,0,8,51,1,4,46,12,0,51,59,63,71,63,123
1,0,0,49,0,4,56,13,0,61,49,53,62,74,123
1,0,7,47,1,3,54,9,0,58,54,57,63,67,122
0,0,6,52,0,4,53,8,0,57,58,62,66,65,123
1,0,11,45,1,4,48,14,0,53,56,60,70,67,124
1,0,13,41,1,3,53,9,0,57,54,57,63,66,121
1,0,6,49,1,3,54,9,0,58,55,58,64,67,123
1,0,12,44,0,4,54,9,0,59,56,60,65,68,124
1,0,9,48,0,2,51,10,0,54,57,59,67,64,121
0,0,9,47,1,3,52,11,0,55,56,59,67,66,123
1,0,8,49,1,4,48,13,0,53,57,61,70,66,124
1,0,12,46,1,1,47,13,0,49,58,59,71,62,121
1,0,7,50,0,2,52,9,0,55,57,59,66,64,121
1,0,7,46,0,3,53,11,0,57,53,56,64,68,121
1,0,8,51,1,3,51,8,0,55,59,62,67,63,123
2,0,0,50,0,3,57,10,0,62,50,53,60,72,122
1,0,6,49,1,3,48,15,0,52,55,58,70,67,123
1,0,9,52,0,4,50,8,0,55,61,65,69,63,124
0,0,8,49,0,4,51,10,0,55,57,61,67,65,122
1,0,7,45,1,4,51,13,0,56,52,56,65,69,122
1,0,7,48,1,3,50,13,0,54,55,58,68,67,123
0,0,9,50,1,4,50,10,0,54,59,63,69,64,124
1,0,11,42,1,3,54,12,0,58,53,56,65,70,124
0,0,9,40,1,1,55,16,0,56,49,50,65,72,122
1,0,10,45,0,3,49,14,0,53,55,58,69,67,122
1,0,7,51,0,2,46,13,0,49,58,60,71,62,120
1,0,6,54,0,4,46,9,0,51,60,64,69,60,120
0,0,0,51,0,2,56,11,0,58,51,53,62,69,120
1,0,7,47,0,3,52,11,0,56,54,57,65,67,121
0,0,16,48,1,3,45,9,0,48,64,67,73,57,122
0,0,0,54,1,3,54,9,0,57,54,57,63,66,121
1,0,11,42,0,4,51,13,0,56,53,57,66,69,122
1,0,8,47,1,4,49,14,0,54,55,59,69,68,124
1,0,10,44,1,4,52,12,0,57,54,58,66,69,124
1,0,11,45,0,2,53,9,0,56,56,58,65,65,121
0,0,11,47,1,4,51,9,0,55,58,62,67,64,123
0,0,0,53,1,2,54,11,0,56,53,55,64,67,121
1,0,9,51,0,4,46,12,0,51,60,64,72,63,123
1,0,7,50,0,4,49,10,0,54,57,61,67,64,121
0,0,8,49,1,2,53,8,0,55,57,59,65,63,121
1,0,11,41,1,2,53,13,0,56,52,54,65,69,122
1,0,7,49,0,3,50,12,0,54,56,59,68,66,122
1,0,8,48,0,1,52,11,0,54,56,57,67,65,121
1,0,14,47,1,3,47,9,0,51,61,64,70,60,122
1,0,8,46,0,0,55,11,0,56,54,54,65,67,121
0,0,10,47,1,4,50,12,0,54,57,61,69,66,124
0,0,8,57,1,2,44,9,0,46,65,67,74,55,121
0,0,9,40,0,1,58,12,0,59,49,50,61,71,120
0,0,12,41,0,2,48,17,0,50,53,55,70,67,120
1,0,0,49,1,3,53,14,0,57,49,52,63,71,121
1,0,8,43,1,5,57,10,0,63,51,56,61,73,125
2,0,8,48,1,3,49,11,0,54,56,59,67,65,122
1,0,0,49,0,5,54,14,0,60,49,54,63,74,123
1,0,10,46,0,4,49,12,0,54,56,60,68,66,122
1,0,9,51,0,2,48,11,0,51,60,62,71,62,122
1,0,8,41,0,2,61,8,0,64,49,51,57,72,121
1,0,12,44,0,0,47,17,0,48,56,56,73,65,121
1,0,9,45,0,2,50,13,0,53,54,56,67,66,120
1,0,7,50,0,3,53,8,0,57,57,60,65,65,122
4,0,9,45,0,3,48,13,0,55,54,57,67,68,122
0,0,7,48,1,6,51,13,0,57,55,61,68,70,126
1,0,7,45,1,5,55,12,0,61,52,57,64,73,126
3,0,10,46,0,4,52,8,0,59,56,60,64,67,123
1,0,11,43,1,3,54,10,0,58,54,57,64,68,123
1,0,7,49,1,3,48,15,0,52,56,59,71,67,124
0,0,10,42,0,3,55,10,0,58,52,55,62,68,120
2,0,9,45,1,3,54,8,0,59,54,57,62,67,122
2,0,6,45,1,4,55,8,0,61,51,55,59,69,121
1,0,6,48,0,6,53,11,0,60,54,60,65,71,125
0,0,11,43,1,2,52,13,0,54,54,56,67,67,122
1,0,9,51,0,5,43,16,0,49,60,65,76,65,125
1,0,0,54,0,3,47,15,0,51,54,57,69,66,120
0,0,11,46,0,4,55,7,0,59,57,61,64,66,123
1,0,0,47,1,3,60,10,0,64,47,50,57,74,122
0,0,11,45,0,2,50,13,0,52,56,58,69,65,121
1,0,10,43,0,3,56,10,0,60,53,56,63,70,123
1,0,10,49,0,1,48,12,0,50,59,60,71,62,121
1,0,10,51,1,3,47,9,0,51,61,64,70,60,122
1,0,8,48,1,2,53,9,0,56,56,58,65,65,122
1,0,9,47,0,5,52,10,0,58,56,61,66,68,124
1,0,11,46,0,3,47,15,0,51,57,60,72,66,123
1,0,8,49,1,3,53,7,0,57,57,60,64,64,122
2,0,8,48,0,2,49,11,0,53,56,58,67,64,120
1,0,8,48,1,2,49,13,0,52,56,58,69,65,122
1,0,8,44,1,3,58,8,0,62,52,55,60,70,123
3,0,9,47,1,2,50,10,0,55,56,58,66,65,122
1,0,6,52,1,2,49,11,0,52,58,60,69,63,122
1,0,6,48,0,3,53,11,0,57,54,57,65,68,122
1,0,8,44,1,2,55,11,0,58,52,54,63,69,122
1,0,7,54,0,3,47,9,0,51,61,64,70,60,121
1,0,8,48,2,5,50,10,0,56,56,61,66,66,124
1,0,7,51,0,5,47,12,0,53,58,63,70,65,123
1,0,6,44,1,4,58,11,0,63,50,54,61,74,125
0,0,7,43,0,3,55,12,0,58,50,53,62,70,120
1,0,0,51,0,4,57,9,0,62,51,55,60,71,122
1,0,7,46,1,4,52,11,0,57,53,57,64,68,122
2,0,9,48,1,5,49,11,0,56,57,62,68,67,125
1,0,9,50,1,2,48,11,0,51,59,61,70,62,122
2,0,7,53,0,5,47,9,0,54,60,65,69,63,123
1,0,12,48,0,1,46,12,0,48,60,61,72,60,120
1,0,6,48,0,3,52,10,0,56,54,57,64,66,120
1,0,7,52,1,3,46,13,0,50,59,62,72,63,123
3,0,8,47,0,4,48,10,0,55,55,59,65,65,120
1,0,10,46,1,4,47,15,0,52,56,60,71,67,124
1,0,7,49,1,3,54,7,0,58,56,59,63,65,122
1,0,9,46,0,3,50,14,0,54,55,58,69,68,123
1,0,8,48,1,4,49,13,0,54,56,60,69,67,124
1,0,7,49,1,5,50,8,0,56,56,61,64,64,121
1,0,10,48,0,4,46,14,0,51,58,62,72,65,123
1,0,10,42,1,3,48,15,0,52,52,55,67,67,120
3,0,7,43,0,4,53,12,0,60,50,54,62,72,122
1,0,7,53,1,4,49,9,0,54,60,64,69,63,124
1,0,8,50,0,4,50,11,0,55,58,62,69,66,124
1,0,12,42,0,3,49,16,0,53,54,57,70,69,123
0,0,8,52,1,3,41,16,0,44,60,63,76,60,121
1,0,9,45,1,4,53,10,0,58,54,58,64,68,123
1,0,8,46,1,5,50,13,0,56,54,59,67,69,124
1,0,11,43,0,3,51,13,0,55,54,57,67,68,122
1,0,9,50,1,3,47,11,0,51,59,62,70,62,122
1,0,9,43,1,4,52,12,0,57,52,56,64,69,122
0,0,7,46,0,3,53,11,0,56,53,56,64,67,120
1,0,9,48,1,2,50,12,0,53,57,59,69,65,123
1,0,0,51,1,2,54,14,0,57,51,53,65,71,123
1,0,0,56,1,4,50,13,0,55,56,60,69,68,125
2,0,8,43,1,4,58,9,0,64,51,55,60,73,125
1,0,0,53,0,5,53,8,0,59,53,58,61,67,120
1,0,8,48,1,3,50,12,0,54,56,59,68,66,123
1,0,7,47,1,4,53,9,0,58,54,58,63,67,122
1,0,7,47,1,4,51,12,0,56,54,58,66,68,123
1,0,9,48,0,4,50,11,0,55,57,61,68,66,123
1,0,10,44,1,2,50,15,0,53,54,56,69,68,123
3,0,7,48,1,2,53,8,0,58,55,57,63,66,122
1,0,7,45,1,4,50,16,0,55,52,56,68,71,124
2,0,9,48,1,4,48,11,0,54,57,61,68,65,123
1,0,0,49,0,5,57,11,0,63,49,54,60,74,123
1,0,10,45,0,2,53,10,0,56,55,57,65,66,121
2,0,12,42,1,5,48,12,0,55,54,59,66,67,122
0,0,8,48,1,3,52,11,0,55,56,59,67,66,123
1,0,8,47,0,3,49,14,0,53,55,58,69,67,122
0,0,7,49,0,3,52,11,0,55,56,59,67,66,122
0,0,8,46,0,2,49,16,0,51,54,56,70,67,121
1,0,11,43,0,4,47,17,0,52,54,58,71,69,123
1,0,9,45,0,2,51,13,0,54,54,56,67,67,121
1,0,10,47,1,2,51,9,0,54,57,59,66,63,121
1,0,9,44,1,3,50,13,0,54,53,56,66,67,121
1,0,8,49,1,3,51,10,0,55,57,60,67,65,123
0,0,8,49,1,2,54,8,0,56,57,59,65,64,122
0,0,7,51,1,4,49,10,0,53,58,62,68,63,122
1,0,9,47,0,2,51,12,0,54,56,58,68,66,122
1,0,10,48,1,3,52,6,0,56,58,61,64,62,121
0,0,7,55,1,1,49,9,0,50,62,63,71,59,122
1,0,11,46,0,3,47,14,0,51,57,60,71,65,122
1,0,10,42,0,4,58,8,0,63,52,56,60,71,123
0,0,10,41,1,2,59,9,0,61,51,53,60,70,122
3,0,8,46,1,3,50,10,0,56,54,57,64,66,121
1,0,8,47,1,3,51,11,0,55,55,58,66,66,122
2,0,10,47,1,2,51,9,0,55,57,59,66,64,122
1,0,7,50,1,3,47,14,0,51,57,60,71,65,123
1,0,10,49,0,3,50,8,0,54,59,62,67,62,121
0,0,10,47,0,3,46,16,0,49,57,60,73,65,122
1,0,8,46,0,4,53,11,0,58,54,58,65,69,123
1,0,9,47,1,3,49,13,0,53,56,59,69,66,123
2,0,7,43,0,4,52,14,0,58,50,54,64,72,122
1,0,13,45,1,4,49,10,0,54,58,62,68,64,123
1,0,7,46,1,3,53,10,0,57,53,56,63,67,121
1,0,0,55,0,3,54,9,0,58,55,58,64,67,122
0,0,7,49,0,5,50,9,0,55,56,61,65,64,120
1,0,8,50,0,4,45,15,0,50,58,62,73,65,123
1,0,8,49,1,3,48,13,0,52,57,60,70,65,123
1,0,8,51,1,3,47,12,0,51,59,62,71,63,123
1,0,7,53,0,2,45,12,0,48,60,62,72,60,120
0,0,10,44,1,3,55,10,0,58,54,57,64,68,123
1,0,7,49,1,3,51,10,0,55,56,59,66,65,122
0,0,8,48,0,2,51,12,0,53,56,58,68,65,121
1,0,7,48,0,3,53,9,0,57,55,58,64,66,121
2,0,0,50,0,2,53,13,0,57,50,52,63,70,120
1,0,9,45,1,3,54,10,0,58,54,57,64,68,123
1,0,8,45,1,4,52,12,0,57,53,57,65,69,123
1,0,9,46,1,1,55,9,0,57,55,56,64,66,122
2,0,6,46,0,1,57,8,0,60,52,53,60,68,120
0,0,10,47,0,3,50,11,0,53,57,60,68,64,121
1,0,7,47,0,3,56,8,0,60,54,57,62,68,122
1,0,7,50,0,4,48,11,0,53,57,61,68,64,121
2,0,13,46,0,3,46,10,0,51,59,62,69,61,120
0,0,8,49,0,5,45,13,0,50,57,62,70,63,120
0,0,8,49,1,3,51,9,0,54,57,60,66,63,121
1,0,9,43,0,3,52,13,0,56,52,55,65,69,121
1,0,10,43,0,2,53,11,0,56,53,55,64,67,120
3,0,10,45,0,3,50,11,0,56,55,58,66,67,122
1,0,7,51,1,5,53,7,0,59,58,63,65,66,125
0,0,10,43,1,2,54,13,0,56,53,55,66,69,123
1,0,7,50,0,5,51,10,0,57,57,62,67,67,124
3,0,7,46,0,4,50,13,0,57,53,57,66,70,123
2,0,0,50,0,3,52,15,0,57,50,53,65,72,122
0,0,12,40,1,2,58,8,0,60,52,54,60,68,121
2,0,9,48,0,5,50,9,0,57,57,62,66,66,123
1,0,9,49,0,3,51,9,0,55,58,61,67,64,122
1,0,0,54,1,3,49,14,0,53,54,57,68,67,122
1,0,9,48,0,1,50,11,0,52,57,58,68,63,120
4,0,9,48,0,2,50,9,0,56,57,59,66,65,122
0,0,11,45,0,3,55,8,0,58,56,59,64,66,122
1,0,10,46,1,3,51,10,0,55,56,59,66,65,122
2,0,8,46,1,3,52,11,0,57,54,57,65,68,123
1,0,9,45,1,4,50,15,0,55,54,58,69,70,125
0,0,10,47,0,3,55,6,0,58,57,60,63,64,121
1,0,9,47,1,4,49,13,0,54,56,60,69,67,124
2,0,0,53,0,4,56,7,0,62,53,57,60,69,122
1,0,9,48,1,1,53,9,0,55,57,58,66,64,122
1,0,8,48,0,4,49,13,0,54,56,60,69,67,123
1,0,8,43,0,3,56,10,0,60,51,54,61,70,121
1,0,8,46,0,5,53,10,0,59,54,59,64,69,123
1,0,10,48,0,4,50,10,0,55,58,62,68,65,123
5,0,8,45,0,5,49,12,0,59,53,58,65,71,124
2,0,0,53,0,3,53,10,0,58,53,56,63,68,121
1,0,8,46,1,3,47,17,0,51,54,57,71,68,123
1,0,6,51,1,2,52,9,0,55,57,59,66,64,122
1,0,8,44,1,4,53,13,0,58,52,56,65,71,124
0,0,13,41,0,3,56,9,0,59,54,57,63,68,122
1,0,7,49,0,3,51,12,0,55,56,59,68,67,123
1,0,9,48,1,4,51,8,0,56,57,61,65,64,122
0,0,7,50,1,3,54,8,0,57,57,60,65,65,123
1,0,8,45,0,5,53,11,0,59,53,58,64,70,123
1,0,8,43,0,5,47,19,0,53,51,56,70,72,123
1,0,0,53,1,6,50,10,0,57,53,59,63,67,121
1,0,8,49,1,3,50,10,0,54,57,60,67,64,122
2,0,9,46,1,4,53,8,0,59,55,59,63,67,123
2,0,10,44,1,4,49,14,0,55,54,58,68,69,124
1,0,0,50,0,2,57,11,0,60,50,52,61,71,121
1,0,14,45,1,3,50,10,0,54,59,62,69,64,124
1,0,7,52,1,3,47,11,0,51,59,62,70,62,122
0,0,6,54,0,4,49,10,0,53,60,64,70,63,123
0,0,9,46,1,5,48,12,0,53,55,60,67,65,121
0,0,9,45,1,4,51,13,0,55,54,58,67,68,123
2,0,7,50,1,3,50,10,0,55,57,60,67,65,123
0,0,8,49,1,4,46,16,0,50,57,61,73,66,124
1,0,12,46,0,2,51,9,0,54,58,60,67,63,121
1,0,9,46,0,3,49,15,0,53,55,58,70,68,123
1,0,8,47,0,3,51,11,0,55,55,58,66,66,121
0,7,10,42,2,4,49,9,0,60,52,56,61,69,123
0,0,7,50,0,5,53,9,0,58,57,62,66,67,124
1,0,8,46,0,4,55,9,0,60,54,58,63,69,123
0,0,7,47,0,4,53,12,0,57,54,58,66,69,123
1,0,8,47,1,4,56,7,0,61,55,59,62,68,124
1,0,0,53,1,4,52,11,0,57,53,57,64,68,122
1,0,7,54,1,4,47,10,0,52,61,65,71,62,124
0,0,10,44,0,4,54,11,0,58,54,58,65,69,123
1,0,10,42,1,2,52,13,0,55,52,54,65,68,121
1,0,8,49,1,3,50,10,0,54,57,60,67,64,122
1,0,10,47,0,3,50,11,0,54,57,60,68,65,122
1,0,9,45,1,3,56,8,0,60,54,57,62,68,123
1,0,6,48,0,4,54,10,0,59,54,58,64,69,123
0,0,9,50,0,1,49,11,0,50,59,60,70,61,120
1,0,8,47,1,1,51,13,0,53,55,56,68,66,122
1,0,8,48,0,3,51,10,0,55,56,59,66,65,121
1,0,6,51,0,5,51,10,0,57,57,62,67,67,124
1,0,8,47,1,5,50,12,0,56,55,60,67,68,124
1,0,8,49,0,3,54,8,0,58,57,60,65,66,123
1,0,8,46,0,3,55,8,0,59,54,57,62,67,121
2,0,7,50,1,2,48,11,0,52,57,59,68,63,121
1,0,8,50,0,3,47,13,0,51,58,61,71,64,122
1,0,8,47,0,2,49,14,0,52,55,57,69,66,121
0,0,8,48,0,4,52,11,0,56,56,60,67,67,123
0,0,8,45,0,3,54,11,0,57,53,56,64,68,121
1,0,8,46,0,4,51,12,0,56,54,58,66,68,122
1,0,7,47,0,2,46,19,0,49,54,56,73,68,122
1,0,7,49,0,2,50,13,0,53,56,58,69,66,122
1,0,6,51,0,2,51,10,0,54,57,59,67,64,121
1,0,11,43,0,4,50,13,0,55,54,58,67,68,122
1,0,11,45,0,3,50,12,0,54,56,59,68,66,122
0,0,8,48,0,4,51,12,0,55,56,60,68,67,123
2,0,9,42,1,3,55,9,0,60,51,54,60,69,121
0,0,8,47,1,3,49,15,0,52,55,58,70,67,123
0,0,11,44,0,3,53,10,0,56,55,58,65,66,121
1,0,8,46,0,3,55,8,0,59,54,57,62,67,121
1,0,9,46,0,4,51,13,0,56,55,59,68,69,124
2,0,8,47,0,3,49,11,0,54,55,58,66,65,120
1,0,7,48,1,2,55,8,0,58,55,57,63,66,122
0,0,9,50,1,1,51,9,0,52,59,60,68,61,121
1,0,11,43,1,3,56,8,0,60,54,57,62,68,123
1,0,9,46,1,2,51,13,0,54,55,57,68,67,123
0,0,7,44,1,3,56,12,0,59,51,54,63,71,123
1,0,8,50,1,1,48,13,0,50,58,59,71,63,122
0,0,9,45,1,1,55,10,0,56,54,55,64,66,121
1,0,8,44,1,3,56,10,0,60,52,55,62,70,123
1,0,7,48,0,2,53,11,0,56,55,57,66,67,122
0,0,13,45,1,3,50,11,0,53,58,61,69,64,123
0,0,9,46,0,5,52,11,0,57,55,60,66,68,123
2,0,9,46,1,4,48,11,0,54,55,59,66,65,121
1,0,8,47,0,4,54,9,0,59,55,59,64,68,123
1,0,10,49,1,3,50,9,0,54,59,62,68,63,123
2,0,8,45,0,2,50,13,0,54,53,55,66,67,120
1,0,9,46,1,2,52,11,0,55,55,57,66,66,122
1,0,6,54,1,4,45,13,0,50,60,64,73,63,124
0,0,7,53,1,4,49,10,0,53,60,64,70,63,124
1,0,0,57,1,3,48,13,0,52,57,60,70,65,123
1,0,7,53,1,1,48,11,0,50,60,61,71,61,122
1,0,7,46,0,2,54,12,0,57,53,55,65,69,122
1,0,8,45,0,4,51,14,0,56,53,57,67,70,123
0,0,9,50,0,3,49,9,0,52,59,62,68,61,120
0,0,8,50,1,3,47,12,0,50,58,61,70,62,121
1,0,12,42,1,3,49,15,0,53,54,57,69,68,123
1,0,0,54,1,4,54,8,0,59,54,58,62,67,122
1,0,7,47,0,2,58,7,0,61,54,56,61,68,122
1,0,13,43,0,2,54,7,0,57,56,58,63,64,120
2,0,7,43,0,2,57,10,0,61,50,52,60,71,121
1,0,7,50,1,2,50,12,0,53,57,59,69,65,123
1,0,9,42,0,3,54,12,0,58,51,54,63,70,121
1,0,9,45,0,3,54,9,0,58,54,57,63,67,121
0,0,8,52,1,5,46,13,0,51,60,65,73,64,125
1,0,9,47,1,2,51,11,0,54,56,58,67,65,122
0,0,10,42,1,3,53,14,0,56,52,55,66,70,123
1,0,10,44,1,4,53,10,0,58,54,58,64,68,123
0,0,8,50,0,5,49,11,0,54,58,63,69,65,123
3,0,12,45,1,4,48,10,0,55,57,61,67,65,123
1,0,9,51,1,4,43,14,0,48,60,64,74,62,123
1,0,9,44,0,1,57,9,0,59,53,54,62,68,121
1,0,7,46,0,2,55,11,0,58,53,55,64,69,122
2,0,8,48,0,3,49,12,0,54,56,59,68,66,122
1,0,10,42,1,4,53,11,0,58,52,56,63,69,122
1,0,10,43,0,1,52,14,0,54,53,54,67,68,121
1,0,12,43,0,4,52,11,0,57,55,59,66,68,123
0,0,6,50,0,5,53,9,0,58,56,61,65,67,123
1,0,8,45,1,2,56,9,0,59,53,55,62,68,122
3,0,8,46,0,2,53,9,0,58,54,56,63,67,121
1,0,8,48,1,4,52,9,0,57,56,60,65,66,123
1,0,7,47,0,4,52,11,0,57,54,58,65,68,122
1,0,9,46,0,2,50,12,0,53,55,57,67,65,120
1,0,8,48,0,3,52,10,0,56,56,59,66,66,122
1,0,7,50,0,4,51,10,0,56,57,61,67,66,123
1,0,8,45,0,3,53,12,0,57,53,56,65,69,122
1,0,10,47,0,3,50,12,0,54,57,60,69,66,123
1,0,10,48,1,4,53,8,0,58,58,62,66,66,125
1,0,9,48,0,3,52,10,0,56,57,60,67,66,123
1,0,8,47,1,6,52,11,0,59,55,61,66,70,126
1,0,8,46,1,2,50,14,0,53,54,56,68,67,122
0,0,9,48,1,3,52,9,0,55,57,60,66,64,122
3,0,10,45,1,3,49,12,0,55,55,58,67,67,123
1,0,7,48,1,3,50,12,0,54,55,58,67,66,122
1,0,8,46,1,3,50,14,0,54,54,57,68,68,123
1,0,8,50,0,2,48,12,0,51,58,60,70,63,121
1,0,8,46,0,4,53,11,0,58,54,58,65,69,123
0,0,9,50,1,5,46,10,0,51,59,64,69,61,121
1,0,7,52,1,3,48,11,0,52,59,62,70,63,123
0,0,10,50,0,1,49,10,0,50,60,61,70,60,120
1,0,10,48,0,2,47,12,0,50,58,60,70,62,120
1,0,7,49,1,5,49,12,0,55,56,61,68,67,124
0,0,7,50,0,4,50,10,0,54,57,61,67,64,121
0,0,9,44,1,3,50,16,0,53,53,56,69,69,123
1,0,9,45,1,2,55,10,0,58,54,56,64,68,123
1,0,9,46,1,2,51,12,0,54,55,57,67,66,122
0,0,8,51,1,2,51,8,0,53,59,61,67,61,121
1,0,9,45,1,2,56,9,0,59,54,56,63,68,123
1,0,7,51,1,5,52,9,0,58,58,63,67,67,126
0,0,7,48,0,3,53,9,0,56,55,58,64,65,120
1,0,10,45,0,2,52,10,0,55,55,57,65,65,120
0,0,8,47,1,2,53,11,0,55,55,57,66,66,122
1,0,10,44,1,3,54,11,0,58,54,57,65,69,124
1,0,9,45,1,2,54,10,0,57,54,56,64,67,122
1,0,10,46,0,3,51,12,0,55,56,59,68,67,123
1,0,8,48,0,3,49,12,0,53,56,59,68,65,121
1,0,0,58,1,5,47,9,0,53,58,63,67,62,121
0,0,10,48,1,2,50,11,0,52,58,60,69,63,122
1,0,7,52,0,3,46,12,0,50,59,62,71,62,121
1,0,9,48,1,5,50,12,0,56,57,62,69,68,126
1,0,6,54,0,2,48,11,0,51,60,62,71,62,122
0,0,10,49,1,2,50,9,0,52,59,61,68,61,121
1,0,9,46,1,2,51,11,0,54,55,57,66,65,121
0,0,7,50,1,3,51,9,0,54,57,60,66,63,121
1,0,8,53,1,3,46,12,0,50,61,64,73,62,124
1,0,9,46,1,2,52,11,0,55,55,57,66,66,122
2,0,8,49,1,4,50,9,0,56,57,61,66,65,123
1,0,10,44,0,5,52,9,0,58,54,59,63,67,121
1,0,8,50,0,3,49,9,0,53,58,61,67,62,120
1,0,6,46,1,3,55,11,0,59,52,55,63,70,123
0,0,8,46,1,2,52,13,0,54,54,56,67,67,122
1,0,9,47,0,3,51,11,0,55,56,59,67,66,122
1,0,9,46,1,3,54,9,0,58,55,58,64,67,123
0,0,7,49,1,5,54,9,0,59,56,61,65,68,125
0,0,9,50,1,3,51,9,0,54,59,62,68,63,123
1,0,9,49,0,3,45,14,0,49,58,61,72,63,121
1,0,12,42,1,4,55,8,0,60,54,58,62,68,123
1,0,10,46,1,3,48,14,0,52,56,59,70,66,123
1,0,9,50,1,4,49,11,0,54,59,63,70,65,125
0,0,8,50,0,3,52,8,0,55,58,61,66,63,121
2,0,8,49,0,2,50,11,0,54,57,59,68,65,122
1,0,9,48,1,3,49,11,0,53,57,60,68,64,122
1,0,8,50,0,3,53,7,0,57,58,61,65,64,122
1,0,7,50,0,3,48,12,0,52,57,60,69,64,121
1,0,9,45,0,4,52,11,0,57,54,58,65,68,122
1,0,7,44,1,3,57,10,0,61,51,54,61,71,123
1,0,0,54,0,4,51,12,0,56,54,58,66,68,122
0,0,0,52,1,4,56,10,0,60,52,56,62,70,123
2,0,8,48,0,4,52,10,0,58,56,60,66,68,124
1,0,8,47,0,2,51,11,0,54,55,57,66,65,120
1,0,9,45,1,3,48,15,0,52,54,57,69,67,122
2,0,7,44,1,2,58,8,0,62,51,53,59,70,122
1,0,9,46,0,3,53,11,0,57,55,58,66,68,123
1,0,9,46,0,3,53,11,0,57,55,58,66,68,123
1,0,7,45,0,3,57,9,0,61,52,55,61,70,122
1,0,7,48,0,2,54,9,0,57,55,57,64,66,121
1,0,6,50,0,3,52,9,0,56,56,59,65,65,121
1,0,7,48,0,2,51,12,0,54,55,57,67,66,121
0,0,9,46,1,3,50,12,0,53,55,58,67,65,121
1,0,7,42,0,2,62,7,0,65,49,51,56,72,121
0,0,8,51,0,2,48,11,0,50,59,61,70,61,120
1,0,10,46,0,4,46,15,0,51,56,60,71,66,122
0,0,8,46,0,3,54,10,0,57,54,57,64,67,121
0,0,13,40,0,5,52,13,0,57,53,58,66,70,123
1,0,9,50,1,4,47,9,0,52,59,63,68,61,121
2,0,6,48,1,4,55,7,0,61,54,58,61,68,123
1,0,9,48,1,4,53,10,0,58,57,61,67,68,126
1,0,8,45,0,3,52,11,0,56,53,56,64,67,120
0,0,0,48,0,2,55,15,0,57,48,50,63,72,120
1,0,8,47,0,0,52,12,0,53,55,55,67,65,120
1,0,9,47,1,4,48,12,0,53,56,60,68,65,122
1,0,8,51,0,3,45,14,0,49,59,62,73,63,122
1,0,10,47,0,4,52,10,0,57,57,61,67,67,124
1,0,11,42,0,3,54,11,0,58,53,56,64,69,122
0,0,6,54,1,4,47,9,0,51,60,64,69,60,121
1,0,9,45,0,3,50,12,0,54,54,57,66,66,120
1,0,9,49,0,5,46,13,0,52,58,63,71,65,123
0,0,7,48,1,4,54,10,0,58,55,59,65,68,124
1,0,10,42,0,4,54,12,0,59,52,56,64,71,123
2,0,8,49,0,4,49,11,0,55,57,61,68,66,123
1,0,9,46,1,4,53,11,0,58,55,59,66,69,125
1,0,0,54,1,3,54,10,0,58,54,57,64,68,123
1,0,8,47,0,3,52,11,0,56,55,58,66,67,122
2,0,7,47,0,4,55,7,0,61,54,58,61,68,122
1,0,9,44,0,4,49,14,0,54,53,57,67,68,121
1,0,9,42,0,3,54,13,0,58,51,54,64,71,122
1,0,9,46,0,0,52,12,0,53,55,55,67,65,120
1,0,10,43,1,5,50,15,0,56,53,58,68,71,125
1,0,11,47,1,2,53,8,0,56,58,60,66,64,123
1,0,0,55,1,5,48,15,0,54,55,60,70,69,125
1,0,0,58,1,3,48,10,0,52,58,61,68,62,121
2,0,0,52,0,2,51,13,0,55,52,54,65,68,120
1,0,8,48,0,2,50,11,0,53,56,58,67,64,120
1,0,8,47,0,4,55,8,0,60,55,59,63,68,123
0,0,7,44,0,2,55,12,0,57,51,53,63,69,120
0,0,8,49,1,1,48,14,0,49,57,58,71,63,121
1,0,7,47,1,3,54,8,0,58,54,57,62,66,121
2,0,9,42,1,2,55,10,0,59,51,53,61,69,121
0,0,0,52,0,4,56,10,0,60,52,56,62,70,122
1,0,8,48,1,2,53,9,0,56,56,58,65,65,122
1,0,10,44,1,4,56,8,0,61,54,58,62,69,124
1,0,7,51,1,3,42,18,0,46,58,61,76,64,123
4,0,12,40,0,6,53,10,0,63,52,58,62,73,125
1,0,0,51,0,6,53,10,0,60,51,57,61,70,121
0,0,10,43,1,2,55,11,0,57,53,55,64,68,122
1,0,10,42,0,3,55,11,0,59,52,55,63,70,122
3,0,6,52,1,1,51,7,0,55,58,59,65,62,121
1,0,6,53,1,5,50,8,0,56,59,64,67,64,124
1,0,9,45,0,2,52,11,0,55,54,56,65,66,120
2,0,7,49,1,3,50,10,0,55,56,59,66,65,122
2,0,0,51,1,4,51,13,0,57,51,55,64,70,122
1,0,7,46,1,3,55,9,0,59,53,56,62,68,122
1,0,10,48,1,4,50,7,0,55,58,62,65,62,121
1,0,8,45,1,2,55,9,0,58,53,55,62,67,121
1,0,7,48,1,3,53,10,0,57,55,58,65,67,123
0,0,8,48,0,2,53,10,0,55,56,58,66,65,121
1,0,8,50,1,2,48,11,0,51,58,60,69,62,121
1,0,10,48,1,4,49,11,0,54,58,62,69,65,124
1,0,12,44,0,5,48,14,0,54,56,61,70,68,124
1,0,12,42,1,4,52,11,0,57,54,58,65,68,123
1,0,9,50,1,1,47,12,0,49,59,60,71,61,121
1,0,10,44,1,3,53,11,0,57,54,57,65,68,123
0,0,11,44,1,3,53,11,0,56,55,58,66,67,123
1,0,0,47,1,3,59,12,0,63,47,50,59,75,123
1,0,7,43,1,3,59,9,0,63,50,53,59,72,123
1,0,0,58,0,3,49,9,0,53,58,61,67,62,120
1,0,12,42,1,2,51,12,0,54,54,56,66,66,121
1,0,9,49,1,3,46,14,0,50,58,61,72,64,123
0,0,10,45,1,2,45,19,0,47,55,57,74,66,122
1,0,0,50,0,3,56,13,0,60,50,53,63,73,123
1,0,8,44,1,2,57,9,0,60,52,54,61,69,122
1,0,8,49,0,4,50,11,0,55,57,61,68,66,123
0,0,8,46,1,2,53,12,0,55,54,56,66,67,122
4,0,10,42,0,2,53,10,0,59,52,54,62,69,121
1,0,0,55,0,3,50,13,0,54,55,58,68,67,122
0,0,7,46,1,5,51,13,0,56,53,58,66,69,123
1,0,7,44,0,3,57,11,0,61,51,54,62,72,123
0,0,9,48,0,2,52,9,0,54,57,59,66,63,120
1,0,0,52,1,4,57,8,0,62,52,56,60,70,123
4,0,0,49,0,2,54,11,0,60,49,51,60,71,120
1,0,10,46,1,2,50,12,0,53,56,58,68,65,122
1,0,6,48,0,1,51,14,0,53,54,55,68,67,121
1,0,7,49,0,4,50,12,0,55,56,60,68,67,123
0,0,10,49,1,4,49,11,0,53,59,63,70,64,124
1,0,9,45,1,2,56,9,0,59,54,56,63,68,123
1,0,6,46,0,3,53,13,0,57,52,55,65,70,122
1,0,8,48,1,2,50,11,0,53,56,58,67,64,121
1,0,9,45,1,4,51,14,0,56,54,58,68,70,125
0,0,0,52,1,4,55,11,0,59,52,56,63,70,123
2,0,9,48,0,2,46,13,0,50,57,59,70,63,120
1,0,7,51,1,3,50,11,0,54,58,61,69,65,124
1,0,11,49,1,4,44,12,0,49,60,64,72,61,122
1,0,10,51,1,4,47,10,0,52,61,65,71,62,124
3,0,0,50,1,2,57,9,0,62,50,52,59,71,122
1,0,7,47,0,3,52,12,0,56,54,57,66,68,122
0,0,7,54,0,4,45,13,0,49,61,65,74,62,123
0,0,12,47,0,2,50,10,0,52,59,61,69,62,121
1,0,6,49,1,2,50,12,0,53,55,57,67,65,121
1,0,7,47,0,3,54,10,0,58,54,57,64,68,122
1,0,8,44,1,3,55,11,0,59,52,55,63,70,123
0,0,9,44,0,3,54,12,0,57,53,56,65,69,122
2,0,8,44,1,4,54,8,0,60,52,56,60,68,121
1,0,7,47,1,4,54,10,0,59,54,58,64,69,124
1,0,10,48,1,3,53,8,0,57,58,61,66,65,124
0,0,10,45,1,2,51,13,0,53,55,57,68,66,122
1,0,10,45,1,3,52,11,0,56,55,58,66,67,123
0,0,0,53,0,5,52,13,0,57,53,58,66,70,123
1,0,9,53,0,5,48,8,0,54,62,67,70,62,124
2,0,8,44,1,4,56,9,0,62,52,56,61,71,124
1,0,8,47,0,2,52,11,0,55,55,57,66,66,121
1,0,10,44,1,3,53,10,0,57,54,57,64,67,122
1,0,11,53,1,2,43,11,0,46,64,66,75,57,122
1,0,8,46,0,3,53,11,0,57,54,57,65,68,122
0,0,0,52,1,3,52,13,0,55,52,55,65,68,121
1,0,8,45,1,5,51,13,0,57,53,58,66,70,124
1,0,6,51,0,5,50,9,0,56,57,62,66,65,122
0,0,12,42,1,3,54,11,0,57,54,57,65,68,123
1,0,7,51,1,4,46,12,0,51,58,62,70,63,122
1,0,10,41,1,3,54,13,0,58,51,54,64,71,123
1,0,8,45,1,4,53,13,0,58,53,57,66,71,125
1,0,8,48,0,3,51,10,0,55,56,59,66,65,121
1,0,9,42,1,4,55,12,0,60,51,55,63,72,124
1,0,6,54,1,4,45,10,0,50,60,64,70,60,121
1,0,9,42,1,1,51,17,0,53,51,52,68,70,122
0,0,8,48,1,4,49,11,0,53,56,60,67,64,121
0,0,8,50,1,2,49,12,0,51,58,60,70,63,122
1,0,7,54,1,4,46,11,0,51,61,65,72,62,124
1,0,9,45,1,4,49,15,0,54,54,58,69,69,124
1,0,6,48,1,3,50,12,0,54,54,57,66,66,121
1,0,7,48,0,3,53,8,0,57,55,58,63,65,120
1,0,10,47,0,2,45,15,0,48,57,59,72,63,120
1,0,8,46,0,3,51,12,0,55,54,57,66,67,121
0,0,8,51,0,3,46,12,0,49,59,62,71,61,120
1,0,9,46,1,3,50,13,0,54,55,58,68,67,123
1,0,13,44,0,1,48,13,0,50,57,58,70,63,120
1,0,7,53,0,2,50,8,0,53,60,62,68,61,121
1,0,8,48,1,6,46,11,0,53,56,62,67,64,121
1,0,9,45,0,3,53,11,0,57,54,57,65,68,122
1,0,7,48,1,6,49,10,0,56,55,61,65,66,122
1,0,8,52,1,6,50,8,0,57,60,66,68,65,126
1,0,10,41,0,2,53,13,0,56,51,53,64,69,120
1,0,9,45,1,3,50,12,0,54,54,57,66,66,121
1,0,11,46,1,1,49,13,0,51,57,58,70,64,122
1,0,10,44,1,3,50,14,0,54,54,57,68,68,123
1,0,9,49,1,3,49,11,0,53,58,61,69,64,123
0,0,11,51,1,3,46,11,0,49,62,65,73,60,123
1,0,6,52,1,3,49,12,0,53,58,61,70,65,124
1,0,9,53,1,2,46,11,0,49,62,64,73,60,123
1,0,9,45,1,3,51,12,0,55,54,57,66,67,122
1,0,6,54,1,4,44,13,0,49,60,64,73,62,123
1,0,0,53,0,2,56,8,0,59,53,55,61,67,120
1,0,12,46,1,4,50,10,0,55,58,62,68,65,124
0,0,6,46,0,2,55,11,0,57,52,54,63,68,120
1,0,9,44,1,2,55,10,0,58,53,55,63,68,122
1,0,10,43,1,3,52,14,0,56,53,56,67,70,124
1,0,9,44,0,3,56,9,0,60,53,56,62,69,122
1,0,0,51,1,2,56,10,0,59,51,53,61,69,121
1,0,8,44,0,3,52,13,0,56,52,55,65,69,121
1,0,8,47,1,3,54,10,0,58,55,58,65,68,124
1,0,9,47,0,4,49,13,0,54,56,60,69,67,123
1,0,0,49,1,4,57,10,0,62,49,53,59,72,122
1,0,6,52,0,5,50,10,0,56,58,63,68,66,124
1,0,9,51,0,3,52,8,0,56,60,63,68,64,124
2,0,8,47,0,3,54,8,0,59,55,58,63,67,122
2,0,13,45,0,1,50,9,0,53,58,59,67,62,120
0,0,8,46,0,3,53,12,0,56,54,57,66,68,122
1,0,7,53,0,2,49,10,0,52,60,62,70,62,122
1,0,7,53,1,2,46,12,0,49,60,62,72,61,122
2,0,10,45,1,3,52,10,0,57,55,58,65,67,123
1,0,8,49,0,3,47,13,0,51,57,60,70,64,121
2,0,6,45,1,2,55,10,0,59,51,53,61,69,121
1,0,7,48,1,2,51,12,0,54,55,57,67,66,122
3,0,10,41,0,2,54,11,0,59,51,53,62,70,121
0,0,12,49,0,1,47,11,0,48,61,62,72,59,120
0,0,7,44,0,4,52,15,0,56,51,55,66,71,122
1,0,6,49,0,4,55,8,0,60,55,59,63,68,123
1,0,11,48,1,5,47,12,0,53,59,64,71,65,125
1,0,8,50,0,3,49,10,0,53,58,61,68,63,121
1,0,6,54,1,4,51,7,0,56,60,64,67,63,124
1,0,7,45,0,4,55,11,0,60,52,56,63,71,123
1,0,10,46,1,3,49,12,0,53,56,59,68,65,122
1,0,10,42,1,4,54,13,0,59,52,56,65,72,125
1,0,11,43,0,5,49,16,0,55,54,59,70,71,125
3,0,9,47,1,5,51,9,0,59,56,61,65,68,125
0,0,11,47,0,3,52,9,0,55,58,61,67,64,122
0,0,8,47,2,4,49,10,0,53,55,59,65,63,120
1,0,9,47,0,2,51,10,0,54,56,58,66,64,120
0,0,10,46,0,2,50,12,0,52,56,58,68,64,120
1,0,7,48,0,4,50,12,0,55,55,59,67,67,122
2,0,6,50,0,3,45,14,0,50,56,59,70,64,120
1,0,10,45,1,5,53,11,0,59,55,60,66,70,126
1,0,6,49,1,3,52,10,0,56,55,58,65,66,122
1,0,8,47,1,3,48,13,0,52,55,58,68,65,121
0,0,10,40,1,5,57,11,0,62,50,55,61,73,124
1,0,6,54,1,3,47,9,0,51,60,63,69,60,121
3,0,9,44,1,4,55,8,0,62,53,57,61,70,124
2,0,16,43,0,2,46,12,0,50,59,61,71,62,121
1,0,8,49,1,1,49,13,0,51,57,58,70,64,122
1,0,11,45,1,2,47,14,0,50,56,58,70,64,121
1,0,7,49,0,4,49,13,0,54,56,60,69,67,123
1,0,0,48,1,1,62,8,0,64,48,49,56,72,121
1,0,11,43,1,3,51,14,0,55,54,57,68,69,124
1,0,7,45,0,3,54,12,0,58,52,55,64,70,122
0,0,8,50,1,2,49,12,0,51,58,60,70,63,122
1,0,7,47,1,4,53,11,0,58,54,58,65,69,124
0,0,8,50,0,4,47,11,0,51,58,62,69,62,120
0,0,11,45,0,2,51,12,0,53,56,58,68,65,121
0,0,8,46,0,5,56,8,0,61,54,59,62,69,123
1,0,11,42,1,3,54,9,0,58,53,56,62,67,121
0,0,9,46,0,1,54,10,0,55,55,56,65,65,120
1,0,7,50,0,3,49,11,0,53,57,60,68,64,121
1,0,8,45,0,3,52,12,0,56,53,56,65,68,121
1,0,9,47,0,5,46,12,0,52,56,61,68,64,120
1,0,10,44,1,3,53,10,0,57,54,57,64,67,122
1,0,10,41,0,0,54,14,0,55,51,51,65,69,120
1,0,8,45,1,3,55,9,0,59,53,56,62,68,122
2,0,10,46,1,3,51,9,0,56,56,59,65,65,122
1,0,12,43,0,2,51,12,0,54,55,57,67,66,121
1,0,8,45,1,4,55,8,0,60,53,57,61,68,122
2,0,10,43,1,6,52,10,0,60,53,59,63,70,124
1,0,9,45,1,4,52,12,0,57,54,58,66,69,124
0,0,14,47,0,3,47,11,0,50,61,64,72,61,122
1,0,11,43,0,3,53,12,0,57,54,57,66,69,123
1,0,7,46,1,4,53,12,0,58,53,57,65,70,124
1,0,10,48,1,5,50,10,0,56,58,63,68,66,125
0,0,8,50,1,4,45,14,0,49,58,62,72,63,122
0,0,9,45,0,2,52,13,0,54,54,56,67,67,121
1,0,8,50,1,3,50,9,0,54,58,61,67,63,122
0,0,10,48,1,2,51,9,0,53,58,60,67,62,121
0,0,7,50,1,4,50,10,0,54,57,61,67,64,122
0,0,10,46,0,3,52,11,0,55,56,59,67,66,122
1,0,6,50,1,2,50,11,0,53,56,58,67,64,121
1,0,7,46,1,3,54,12,0,58,53,56,65,70,124
1,0,8,45,1,2,55,10,0,58,53,55,63,68,122
1,0,8,49,1,2,48,11,0,51,57,59,68,62,120
1,0,7,54,0,2,46,11,0,49,61,63,72,60,121
1,0,8,42,0,3,56,12,0,60,50,53,62,72,122
1,0,7,48,1,3,53,8,0,57,55,58,63,65,121
1,0,7,51,1,5,49,8,0,55,58,63,66,63,122
0,0,12,44,1,3,49,13,0,52,56,59,69,65,122
1,0,7,49,0,4,51,10,0,56,56,60,66,66,122
0,0,8,44,0,3,56,10,0,59,52,55,62,69,121
0,0,0,51,1,2,56,12,0,58,51,53,63,70,122
1,0,7,44,1,2,55,13,0,58,51,53,64,71,123
1,0,12,43,1,4,54,9,0,59,55,59,64,68,124
1,0,8,41,1,4,54,16,0,59,49,53,65,75,125
1,0,12,43,1,4,56,7,0,61,55,59,62,68,124
1,0,8,48,1,4,53,10,0,58,56,60,66,68,125
1,0,7,48,0,2,55,9,0,58,55,57,64,67,122
1,0,8,45,0,3,48,17,0,52,53,56,70,69,122
1,0,0,59,1,5,49,9,0,55,59,64,68,64,124
1,0,11,47,1,2,52,8,0,55,58,60,66,63,122
1,0,11,44,1,2,49,14,0,52,55,57,69,66,122
1,0,9,42,0,2,56,11,0,59,51,53,62,70,121
1,0,6,52,1,2,52,7,0,55,58,60,65,62,121
1,0,6,45,1,5,55,13,0,61,51,56,64,74,126
0,0,9,50,1,3,50,10,0,53,59,62,69,63,123
1,0,11,46,1,2,51,10,0,54,57,59,67,64,122
1,0,7,47,0,1,52,12,0,54,54,55,66,66,120
8,0,8,45,1,3,49,8,0,60,53,56,61,68,122
1,0,7,46,1,3,55,9,0,59,53,56,62,68,122
1,0,10,44,0,4,51,13,0,56,54,58,67,69,123
2,0,9,44,0,5,49,14,0,56,53,58,67,70,123
2,0,11,44,0,2,50,11,0,54,55,57,66,65,120
0,0,9,46,0,3,52,12,0,55,55,58,67,67,122
1,0,0,55,0,4,51,10,0,56,55,59,65,66,121
1,0,6,52,0,5,52,9,0,58,58,63,67,67,125
1,0,7,47,0,4,52,12,0,57,54,58,66,69,123
1,0,8,47,0,2,48,15,0,51,55,57,70,66,121
2,0,11,42,0,3,54,9,0,59,53,56,62,68,121
1,0,9,49,0,3,48,13,0,52,58,61,71,65,123
1,0,9,45,0,2,51,12,0,54,54,56,66,66,120
1,0,9,49,0,3,51,9,0,55,58,61,67,64,122
0,0,7,46,0,3,52,14,0,55,53,56,67,69,122
1,0,10,46,0,1,52,11,0,54,56,57,67,65,121
1,0,11,48,0,2,49,10,0,52,59,61,69,62,121
1,0,7,47,0,4,50,12,0,55,54,58,66,67,121
1,0,7,44,0,2,58,9,0,61,51,53,60,70,121
1,0,10,49,0,3,49,9,0,53,59,62,68,62,121
2,0,8,44,1,3,52,13,0,57,52,55,65,70,123
0,0,12,48,0,0,49,11,0,49,60,60,71,60,120
1,0,9,45,1,5,51,13,0,57,54,59,67,70,125
1,0,10,40,1,6,51,12,0,58,50,56,62,70,121
1,0,8,51,1,4,49,11,0,54,59,63,70,65,125
2,0,11,46,0,2,50,10,0,54,57,59,67,64,121
0,0,0,51,0,3,55,11,0,58,51,54,62,69,120
1,0,0,54,0,3,52,11,0,56,54,57,65,67,121
0,0,10,50,1,3,46,13,0,49,60,63,73,62,123
1,0,9,49,1,3,49,12,0,53,58,61,70,65,124
1,0,6,53,1,5,50,10,0,56,59,64,69,66,126
1,0,9,47,0,3,49,11,0,53,56,59,67,64,120
0,0,8,51,1,4,48,11,0,52,59,63,70,63,123
1,0,7,47,1,4,53,10,0,58,54,58,64,68,123
1,0,8,43,1,3,54,12,0,58,51,54,63,70,122
1,0,9,44,0,2,49,15,0,52,53,55,68,67,120
0,0,6,51,1,3,48,13,0,51,57,60,70,64,122
1,0,8,43,1,3,58,9,0,62,51,54,60,71,123
1,0,0,56,1,0,53,11,0,54,56,56,67,65,122
0,0,8,49,0,4,47,12,0,51,57,61,69,63,120
0,0,8,54,1,4,45,11,0,49,62,66,73,60,123
1,0,7,50,1,3,49,11,0,53,57,60,68,64,122
1,0,11,42,1,3,51,12,0,55,53,56,65,67,121
0,0,9,47,1,0,55,9,0,55,56,56,65,64,121
2,0,10,44,0,3,45,16,0,50,54,57,70,66,120
1,0,10,45,1,9,45,10,0,55,55,64,65,65,121
1,0,8,53,1,2,46,10,0,49,61,63,71,59,121
1,0,6,47,0,3,54,11,0,58,53,56,64,69,122
1,0,11,41,1,2,53,13,0,56,52,54,65,69,122
1,0,0,49,1,3,55,13,0,59,49,52,62,72,122
1,0,11,47,1,3,48,11,0,52,58,61,69,63,122
1,0,10,47,0,2,50,10,0,53,57,59,67,63,120
2,0,10,44,1,2,51,11,0,55,54,56,65,66,121
1,0,8,48,0,5,50,12,0,56,56,61,68,68,124
1,0,11,44,1,3,45,17,0,49,55,58,72,66,122
1,0,7,53,0,2,50,9,0,53,60,62,69,62,122
1,0,9,50,0,2,51,8,0,54,59,61,67,62,121
0,0,11,46,0,2,54,7,0,56,57,59,64,63,120
1,0,8,50,0,2,51,9,0,54,58,60,67,63,121
1,0,11,43,1,5,52,11,0,58,54,59,65,69,124
1,0,7,47,0,3,55,9,0,59,54,57,63,68,122
1,0,7,47,0,3,50,14,0,54,54,57,68,68,122
1,0,6,51,1,3,49,12,0,53,57,60,69,65,123
1,0,0,53,1,2,52,12,0,55,53,55,65,67,121
1,0,9,44,0,4,49,17,0,54,53,57,70,71,124
0,0,6,52,0,5,47,14,0,52,58,63,72,66,124
1,0,9,43,0,3,51,15,0,55,52,55,67,70,122
1,0,7,48,0,3,52,10,0,56,55,58,65,66,121
2,0,10,41,1,5,56,8,0,63,51,56,59,71,123
1,0,8,50,0,5,49,11,0,55,58,63,69,66,124
2,0,7,44,1,3,53,13,0,58,51,54,64,71,123
2,0,8,47,1,4,52,9,0,58,55,59,64,67,123
1,0,0,50,1,3,55,12,0,59,50,53,62,71,122
0,0,7,43,1,3,58,10,0,61,50,53,60,71,122
0,0,8,51,0,3,49,10,0,52,59,62,69,62,121
0,0,9,47,1,5,48,14,0,53,56,61,70,67,124
1,0,9,46,0,1,52,12,0,54,55,56,67,66,121
0,0,0,56,0,3,51,10,0,54,56,59,66,64,120
1,0,8,52,0,3,49,10,0,53,60,63,70,63,123
0,0,11,45,0,3,53,8,0,56,56,59,64,64,120
0,0,7,54,1,4,49,8,0,53,61,65,69,61,123
3,0,7,47,0,1,55,7,0,59,54,55,61,66,120
1,0,10,44,1,1,54,9,0,56,54,55,63,65,120
0,0,8,47,0,3,47,15,0,50,55,58,70,65,120
1,0,7,53,0,3,47,12,0,51,60,63,72,63,123
1,0,7,48,1,3,53,8,0,57,55,58,63,65,121
0,0,9,48,1,4,50,12,0,54,57,61,69,66,124
0,0,8,52,0,2,48,10,0,50,60,62,70,60,120
1,0,10,50,1,4,48,10,0,53,60,64,70,63,124
1,0,11,45,1,2,47,14,0,50,56,58,70,64,121
0,0,7,49,0,3,51,12,0,54,56,59,68,66,122
1,0,10,48,1,3,49,10,0,53,58,61,68,63,122
1,0,12,49,1,3,44,12,0,48,61,64,73,60,122
1,0,8,46,0,4,54,10,0,59,54,58,64,69,123
0,0,9,46,0,3,56,8,0,59,55,58,63,67,122
1,0,8,50,1,3,48,12,0,52,58,61,70,64,123
1,0,6,47,1,3,53,12,0,57,53,56,65,69,123
3,0,11,46,1,3,48,10,0,54,57,60,67,64,122
1,0,12,42,0,2,52,11,0,55,54,56,65,66,120
0,0,11,46,0,0,49,14,0,49,57,57,71,63,120
3,0,6,48,1,2,51,10,0,56,54,56,64,66,121
1,0,10,43,0,1,53,12,0,55,53,54,65,67,120
6,0,10,43,0,4,46,12,0,56,53,57,65,68,121
1,0,9,46,0,4,50,12,0,55,55,59,67,67,122
1,0,12,44,1,5,53,9,0,59,56,61,65,68,125
0,0,9,48,0,4,48,13,0,52,57,61,70,65,122
1,0,0,57,1,3,52,8,0,56,57,60,65,64,122
1,0,10,48,1,3,50,10,0,54,58,61,68,64,123
1,0,10,46,1,2,49,12,0,52,56,58,68,64,121
1,0,11,44,0,4,46,17,0,51,55,59,72,68,123
1,0,7,47,1,5,54,10,0,60,54,59,64,70,125
1,0,8,44,0,5,58,9,0,64,52,57,61,73,125
1,0,9,51,0,3,44,14,0,48,60,63,74,62,122
1,0,9,50,1,3,46,14,0,50,59,62,73,64,124
1,0,8,50,0,2,48,12,0,51,58,60,70,63,121
1,0,7,50,0,2,48,13,0,51,57,59,70,64,121
1,0,7,51,0,3,48,13,0,52,58,61,71,65,123
1,0,7,50,0,4,50,11,0,55,57,61,68,66,123
0,0,11,47,0,3,51,9,0,54,58,61,67,63,121
2,0,8,45,0,1,56,8,0,59,53,54,61,67,120
1,0,8,45,0,2,56,9,0,59,53,55,62,68,121
0,0,12,43,0,4,48,16,0,52,55,59,71,68,123
1,0,9,47,0,3,51,11,0,55,56,59,67,66,122
0,0,9,46,1,3,54,10,0,57,55,58,65,67,123
1,0,9,46,0,3,53,11,0,57,55,58,66,68,123
1,0,10,48,1,3,51,9,0,55,58,61,67,64,123
1,0,9,45,1,3,52,12,0,56,54,57,66,68,123
1,0,7,52,0,2,46,13,0,49,59,61,72,62,121
1,0,6,51,1,3,48,11,0,52,57,60,68,63,121
0,0,8,47,0,2,53,11,0,55,55,57,66,66,121
0,0,8,52,1,3,46,11,0,49,60,63,71,60,121
1,0,8,46,1,4,52,13,0,57,54,58,67,70,125
1,0,9,46,0,1,54,9,0,56,55,56,64,65,120
1,0,9,45,0,4,49,14,0,54,54,58,68,68,122
1,0,7,50,1,3,52,9,0,56,57,60,66,65,123
2,0,12,40,0,2,51,14,0,55,52,54,66,69,121
1,0,9,47,1,2,49,12,0,52,56,58,68,64,121
1,0,6,46,0,3,52,14,0,56,52,55,66,70,122
1,0,7,49,1,3,50,10,0,54,56,59,66,64,121
1,0,10,46,0,3,49,13,0,53,56,59,69,66,122
0,0,0,47,0,5,57,14,0,62,47,52,61,76,123
1,0,9,46,1,2,50,14,0,53,55,57,69,67,123
1,0,7,44,0,4,53,14,0,58,51,55,65,72,123
1,0,6,47,0,2,54,10,0,57,53,55,63,67,120
0,0,6,48,1,4,54,9,0,58,54,58,63,67,122
0,0,9,46,0,4,53,10,0,57,55,59,65,67,122
1,0,9,51,1,2,47,10,0,50,60,62,70,60,121
4,0,11,40,1,3,48,16,0,55,51,54,67,71,123
1,0,8,41,1,3,58,11,0,62,49,52,60,73,123
1,0,10,45,1,5,54,8,0,60,55,60,63,68,124
1,0,7,45,0,2,55,12,0,58,52,54,64,70,122
0,0,8,50,1,2,51,10,0,53,58,60,68,63,122
0,0,9,46,1,1,54,10,0,55,55,56,65,65,121
0,0,11,43,1,5,57,8,0,62,54,59,62,70,125
0,0,7,49,1,2,45,17,0,47,56,58,73,64,121
0,0,8,50,1,4,48,13,0,52,58,62,71,65,124
1,0,10,43,0,3,52,12,0,56,53,56,65,68,121
0,0,8,48,1,2,49,13,0,51,56,58,69,64,121
1,0,8,46,0,5,50,11,0,56,54,59,65,67,121
2,0,10,42,0,3,54,10,0,59,52,55,62,69,121
1,0,7,46,0,3,52,12,0,56,53,56,65,68,121
1,0,9,48,1,3,51,9,0,55,57,60,66,64,122
1,0,7,52,1,3,48,12,0,52,59,62,71,64,124
1,0,6,52,0,3,50,10,0,54,58,61,68,64,122
1,0,9,50,0,4,50,10,0,55,59,63,69,65,124
1,0,7,53,1,2,47,11,0,50,60,62,71,61,122
0,0,6,50,0,3,55,8,0,58,56,59,64,66,122
1,0,7,46,1,6,55,10,0,62,53,59,63,72,126
1,0,0,54,1,3,51,11,0,55,54,57,65,66,121
1,0,7,49,0,2,52,10,0,55,56,58,66,65,121
1,0,8,44,1,4,52,14,0,57,52,56,66,71,124
1,0,6,48,1,3,56,8,0,60,54,57,62,68,123
1,0,7,49,0,2,54,9,0,57,56,58,65,66,122
0,0,8,43,1,4,55,13,0,59,51,55,64,72,124
0,0,9,46,1,4,51,10,0,55,55,59,65,65,121
0,0,9,47,1,3,57,6,0,60,56,59,62,66,123
1,0,8,46,0,2,54,11,0,57,54,56,65,68,122
1,0,10,43,1,2,50,15,0,53,53,55,68,68,122
0,0,9,49,1,3,51,9,0,54,58,61,67,63,122
1,0,9,49,1,3,48,11,0,52,58,61,69,63,122
1,0,6,52,1,3,47,13,0,51,58,61,71,64,123
1,0,9,45,1,3,52,13,0,56,54,57,67,69,124
1,0,7,51,1,2,49,10,0,52,58,60,68,62,121
1,0,8,45,1,4,51,13,0,56,53,57,66,69,123
2,0,8,47,0,4,50,12,0,56,55,59,67,68,123
1,0,11,42,1,4,55,11,0,60,53,57,64,71,125
1,0,0,49,1,5,55,12,0,61,49,54,61,73,123
0,0,7,49,0,5,47,13,0,52,56,61,69,65,121
1,0,9,46,0,1,52,11,0,54,55,56,66,65,120
1,0,0,60,1,4,45,10,0,50,60,64,70,60,121
1,0,8,47,1,2,50,12,0,53,55,57,67,65,121
1,0,9,47,0,1,53,9,0,55,56,57,65,64,120
0,0,11,48,1,1,51,9,0,52,59,60,68,61,121
0,0,10,47,0,2,54,8,0,56,57,59,65,64,121
3,0,8,44,1,3,56,6,0,62,52,55,58,68,121
3,0,11,42,0,2,53,9,0,58,53,55,62,67,120
3,0,9,43,0,4,55,9,0,62,52,56,61,71,123
1,0,7,52,1,3,49,11,0,53,59,62,70,64,124
1,0,8,52,1,3,46,11,0,50,60,63,71,61,122
1,0,6,54,1,3,47,9,0,51,60,63,69,60,121
0,0,6,47,0,4,52,12,0,56,53,57,65,68,121
1,0,8,49,1,4,49,11,0,54,57,61,68,65,123
1,0,7,51,0,2,52,9,0,55,58,60,67,64,122
0,0,6,45,0,4,57,10,0,61,51,55,61,71,122
4,0,11,48,0,5,42,13,0,51,59,64,72,64,123
1,0,8,49,1,4,51,10,0,56,57,61,67,66,124
0,0,6,49,1,1,53,11,0,54,55,56,66,65,121
0,0,8,50,1,2,51,9,0,53,58,60,67,62,121
1,0,10,48,0,4,46,13,0,51,58,62,71,64,122
1,0,9,46,0,3,51,11,0,55,55,58,66,66,121
0,0,7,47,1,2,53,12,0,55,54,56,66,67,122
1,0,8,51,1,2,50,9,0,53,59,61,68,62,122
2,0,7,49,1,2,53,7,0,57,56,58,63,64,121
2,0,10,47,1,4,47,13,0,53,57,61,70,66,124
1,0,9,47,0,1,52,10,0,54,56,57,66,64,120
1,0,7,48,1,4,53,9,0,58,55,59,64,67,123
1,0,0,51,0,2,59,8,0,62,51,53,59,70,121
1,0,6,53,0,2,46,13,0,49,59,61,72,62,121
1,0,12,39,1,3,53,13,0,57,51,54,64,70,122
1,0,12,47,0,3,48,11,0,52,59,62,70,63,122
3,0,9,47,0,4,46,11,0,53,56,60,67,64,120
1,0,7,48,0,3,50,14,0,54,55,58,69,68,123
1,0,13,42,1,2,53,10,0,56,55,57,65,66,122
1,0,8,46,1,3,52,12,0,56,54,57,66,68,123
1,0,0,51,0,4,50,17,0,55,51,55,68,72,123
0,0,10,46,1,4,55,8,0,59,56,60,64,67,124
1,0,8,46,0,3,55,9,0,59,54,57,63,68,122
1,0,6,51,0,3,50,11,0,54,57,60,68,65,122
0,0,8,46,1,4,53,10,0,57,54,58,64,67,122
1,0,8,44,1,2,55,11,0,58,52,54,63,69,122
1,0,8,44,0,3,52,13,0,56,52,55,65,69,121
1,0,8,50,0,3,48,13,0,52,58,61,71,65,123
1,0,8,53,1,3,46,12,0,50,61,64,73,62,124
0,0,9,44,1,5,54,12,0,59,53,58,65,71,125
1,0,8,49,0,3,51,10,0,55,57,60,67,65,122
0,0,10,44,1,3,50,14,0,53,54,57,68,67,122
1,0,7,49,0,3,52,9,0,56,56,59,65,65,121
1,0,7,52,1,3,50,10,0,54,59,62,69,64,124
0,0,10,44,1,3,52,13,0,55,54,57,67,68,123
1,0,9,44,0,3,50,15,0,54,53,56,68,69,122
1,0,9,45,0,2,54,9,0,57,54,56,63,66,120
0,0,10,45,0,2,49,15,0,51,55,57,70,66,121
0,0,8,46,0,3,49,15,0,52,54,57,69,67,121
1,0,9,47,1,3,51,12,0,55,56,59,68,67,124
1,0,8,44,0,3,54,12,0,58,52,55,64,70,122
1,0,7,45,1,3,53,12,0,57,52,55,64,69,122
4,0,0,51,0,3,52,10,0,59,51,54,61,69,120
1,0,10,48,0,3,54,7,0,58,58,61,65,65,123
1,0,7,49,1,4,50,11,0,55,56,60,67,66,123
1,0,9,46,1,3,51,10,0,55,55,58,65,65,121
1,0,7,52,1,3,46,13,0,50,59,62,72,63,123
1,0,10,44,1,3,43,20,0,47,54,57,74,67,122
1,0,7,52,1,1,50,9,0,52,59,60,68,61,121
1,0,0,50,0,3,56,12,0,60,50,53,62,72,122
1,0,10,47,0,3,51,10,0,55,57,60,67,65,122
1,0,9,42,0,2,52,14,0,55,51,53,65,69,120
1,0,10,46,1,2,48,14,0,51,56,58,70,65,122
0,0,7,48,1,2,52,11,0,54,55,57,66,65,121
0,0,7,47,0,3,56,7,0,59,54,57,61,66,120
1,0,7,47,1,2,49,15,0,52,54,56,69,67,122
2,0,0,57,0,3,49,10,0,54,57,60,67,64,121
1,0,8,50,0,3,50,10,0,54,58,61,68,64,122
1,0,10,46,1,2,52,11,0,55,56,58,67,66,123
1,0,8,50,1,3,46,14,0,50,58,61,72,64,123
1,0,8,47,0,2,54,9,0,57,55,57,64,66,121
1,0,7,49,1,5,49,14,0,55,56,61,70,69,126
1,0,7,49,0,3,48,13,0,52,56,59,69,65,121
1,0,8,49,0,5,47,13,0,53,57,62,70,66,123
1,0,9,48,0,4,50,11,0,55,57,61,68,66,123
0,0,8,52,0,2,46,12,0,48,60,62,72,60,120
1,0,10,44,0,2,55,8,0,58,54,56,62,66,120
0,0,8,51,1,5,49,11,0,54,59,64,70,65,125
0,0,11,42,1,4,53,12,0,57,53,57,65,69,123
1,0,0,55,1,4,49,13,0,54,55,59,68,67,123
1,0,8,47,1,2,50,13,0,53,55,57,68,66,122
1,0,9,49,1,4,52,8,0,57,58,62,66,65,124
1,0,9,47,0,2,54,8,0,57,56,58,64,65,121
2,0,9,40,0,2,59,9,0,63,49,51,58,72,121
1,0,0,52,0,2,55,11,0,58,52,54,63,69,121
1,0,9,48,1,5,47,13,0,53,57,62,70,66,124
1,0,0,53,0,2,54,10,0,57,53,55,63,67,120
0,0,12,47,1,4,51,9,0,55,59,63,68,64,124
1,0,0,57,0,3,50,10,0,54,57,60,67,64,121
1,0,11,46,0,5,48,13,0,54,57,62,70,67,124
1,0,0,50,0,3,59,10,0,63,50,53,60,73,123
1,0,11,46,0,3,49,13,0,53,57,60,70,66,123
0,0,9,45,1,4,54,10,0,58,54,58,64,68,123
1,0,7,47,1,3,52,12,0,56,54,57,66,68,123
1,0,6,50,0,2,52,10,0,55,56,58,66,65,121
1,0,8,42,1,3,52,15,0,56,50,53,65,71,122
1,0,6,47,1,2,56,9,0,59,53,55,62,68,122
1,0,8,48,1,3,54,8,0,58,56,59,64,66,123
0,0,6,51,0,4,50,12,0,54,57,61,69,66,123
1,0,9,44,0,3,56,10,0,60,53,56,63,70,123
2,0,9,49,0,3,50,9,0,55,58,61,67,64,122
1,0,0,44,1,3,59,15,0,63,44,47,59,78,123
1,0,8,47,1,4,55,9,0,60,55,59,64,69,125
1,0,7,51,1,2,50,10,0,53,58,60,68,63,122
0,0,7,45,1,3,52,14,0,55,52,55,66,69,122
1,0,7,53,1,2,50,8,0,53,60,62,68,61,122
1,0,9,51,0,3,50,7,0,54,60,63,67,61,121
1,0,6,52,1,4,50,11,0,55,58,62,69,66,125
1,0,10,48,1,3,47,12,0,51,58,61,70,63,122
1,0,7,48,0,2,54,10,0,57,55,57,65,67,122
1,0,9,47,0,5,50,12,0,56,56,61,68,68,124
1,0,9,46,1,3,52,11,0,56,55,58,66,67,123
1,0,8,46,0,2,51,13,0,54,54,56,67,67,121
0,0,11,41,1,2,55,12,0,57,52,54,64,69,122
2,0,7,48,0,3,53,9,0,58,55,58,64,67,122
1,0,7,51,1,3,49,10,0,53,58,61,68,63,122
1,0,7,47,0,3,55,7,0,59,54,57,61,66,120
0,0,7,43,1,3,57,11,0,60,50,53,61,71,122
9,0,8,46,0,2,46,10,0,57,54,56,64,67,121
1,0,0,51,1,6,51,11,0,58,51,57,62,69,121
1,0,8,48,1,4,52,8,0,57,56,60,64,65,122
0,0,9,45,1,3,55,10,0,58,54,57,64,68,123
2,0,9,45,1,4,50,13,0,56,54,58,67,69,124
1,0,8,44,1,3,55,12,0,59,52,55,64,71,124
1,0,6,52,1,3,51,10,0,55,58,61,68,65,124
1,0,7,49,1,3,51,11,0,55,56,59,67,66,123
1,0,7,47,1,2,52,12,0,55,54,56,66,67,122
1,0,7,44,1,3,54,13,0,58,51,54,64,71,123
1,0,9,44,1,4,52,13,0,57,53,57,66,70,124
1,0,9,47,0,2,51,12,0,54,56,58,68,66,122
0,0,9,49,0,2,53,8,0,55,58,60,66,63,121
1,0,9,50,1,3,47,13,0,51,59,62,72,64,124
1,0,6,46,0,3,51,14,0,55,52,55,66,69,121
1,0,7,47,0,4,49,14,0,54,54,58,68,68,122
1,0,7,50,0,4,47,11,0,52,57,61,68,63,120
1,0,7,46,1,2,52,13,0,55,53,55,66,68,122
0,0,10,47,1,2,46,16,0,48,57,59,73,64,122
1,0,9,45,1,5,50,12,0,56,54,59,66,68,123
0,0,9,46,1,2,52,12,0,54,55,57,67,66,122
1,0,7,51,0,6,48,11,0,55,58,64,69,66,124
3,0,12,38,1,4,56,9,0,63,50,54,59,72,123
0,0,10,42,0,2,52,14,0,54,52,54,66,68,120
1,0,9,48,1,1,53,8,0,55,57,58,65,63,121
1,0,11,43,0,2,52,11,0,55,54,56,65,66,120
2,0,12,42,0,3,53,10,0,58,54,57,64,68,122
1,0,10,45,0,2,48,14,0,51,55,57,69,65,120
1,0,0,52,1,3,55,10,0,59,52,55,62,69,122
1,0,12,44,1,3,49,14,0,53,56,59,70,67,124
0,0,8,48,1,2,52,10,0,54,56,58,66,64,121
0,0,13,42,0,2,49,15,0,51,55,57,70,66,121
0,0,0,54,0,2,52,12,0,54,54,56,66,66,120
1,0,7,51,0,2,50,9,0,53,58,60,67,62,120
1,0,0,51,1,4,57,11,0,62,51,55,62,73,125
0,0,7,47,1,4,54,11,0,58,54,58,65,69,124
1,0,8,50,1,2,48,12,0,51,58,60,70,63,122
1,0,7,45,0,3,56,11,0,60,52,55,63,71,123
0,0,9,47,0,2,52,11,0,54,56,58,67,65,121
0,0,7,45,0,3,51,16,0,54,52,55,68,70,122
1,0,11,47,0,4,49,9,0,54,58,62,67,63,121
1,0,11,41,1,1,57,9,0,59,52,53,61,68,121
1,0,9,48,0,3,49,12,0,53,57,60,69,65,122
1,0,10,45,0,3,55,8,0,59,55,58,63,67,122
1,0,7,48,0,4,45,17,0,50,55,59,72,67,122
1,0,9,49,0,3,52,7,0,56,58,61,65,63,121
1,0,8,46,0,4,53,12,0,58,54,58,66,70,124
1,0,8,47,1,1,50,13,0,52,55,56,68,65,121
6,0,10,45,0,2,46,11,0,54,55,57,66,65,120
1,0,11,47,0,2,49,10,0,52,58,60,68,62,120
2,0,10,42,1,2,54,10,0,58,52,54,62,68,121
1,0,8,50,1,3,48,12,0,52,58,61,70,64,123
1,0,10,48,0,1,49,12,0,51,58,59,70,63,121
1,0,10,44,1,4,52,11,0,57,54,58,65,68,123
1,0,11,46,1,3,52,9,0,56,57,60,66,65,123
1,0,0,57,0,2,55,6,0,58,57,59,63,64,121
1,0,7,49,1,4,51,11,0,56,56,60,67,67,124
1,0,13,44,1,2,50,10,0,53,57,59,67,63,121
0,0,9,44,0,5,52,13,0,57,53,58,66,70,123
0,0,11,42,1,1,50,16,0,51,53,54,69,67,121
1,0,7,46,0,3,56,10,0,60,53,56,63,70,123
1,0,10,49,1,4,49,9,0,54,59,63,68,63,123
2,0,9,47,0,3,53,8,0,58,56,59,64,66,122
1,0,8,45,0,3,51,13,0,55,53,56,66,68,121
1,0,8,46,0,2,55,10,0,58,54,56,64,68,122
0,0,10,47,1,3,50,12,0,53,57,60,69,65,123
0,0,11,49,1,3,44,14,0,47,60,63,74,61,122
0,0,7,48,1,4,50,11,0,54,55,59,66,65,121
1,0,7,47,0,4,48,14,0,53,54,58,68,67,121
0,0,7,46,1,6,53,13,0,59,53,59,66,72,126
1,0,7,47,1,3,50,14,0,54,54,57,68,68,123
1,0,8,44,1,4,49,13,0,54,52,56,65,67,120
1,0,9,49,1,5,49,12,0,55,58,63,70,67,126
1,0,9,48,1,4,49,13,0,54,57,61,70,67,125
1,0,9,48,1,4,50,11,0,55,57,61,68,66,124
0,0,8,44,0,4,52,12,0,56,52,56,64,68,120
1,0,7,47,0,1,57,8,0,59,54,55,62,67,121
0,0,10,47,1,3,51,10,0,54,57,60,67,64,122
0,0,9,50,1,2,49,11,0,51,59,61,70,62,122
1,0,9,46,0,3,51,12,0,55,55,58,67,67,122
1,0,0,53,1,2,53,12,0,56,53,55,65,68,122
1,0,10,45,1,4,54,9,0,59,55,59,64,68,124
1,0,9,45,1,3,52,10,0,56,54,57,64,66,121
1,0,7,44,0,2,56,10,0,59,51,53,61,69,120
1,0,9,47,1,4,51,10,0,56,56,60,66,66,123
0,0,9,51,1,4,47,11,0,51,60,64,71,62,123
1,0,8,51,1,1,52,7,0,54,59,60,66,61,121
1,0,8,40,1,2,60,9,0,63,48,50,57,72,121
1,0,7,47,0,1,52,12,0,54,54,55,66,66,120
1,0,6,47,1,2,51,14,0,54,53,55,67,68,122
0,0,7,48,0,4,49,12,0,53,55,59,67,65,120
1,0,0,55,0,3,54,9,0,58,55,58,64,67,122
2,0,7,47,1,3,47,14,0,52,54,57,68,66,121
1,0,10,44,1,1,49,15,0,51,54,55,69,66,121
1,0,7,48,1,3,51,13,0,55,55,58,68,68,124
1,0,7,52,0,3,47,10,0,51,59,62,69,61,120
1,0,9,48,0,3,49,11,0,53,57,60,68,64,121
1,0,6,45,0,4,53,12,0,58,51,55,63,70,121
0,0,11,48,1,3,49,10,0,52,59,62,69,62,122
1,0,7,49,0,2,52,10,0,55,56,58,66,65,121
0,0,9,46,1,1,49,15,0,50,55,56,70,65,121
1,0,12,41,0,4,53,12,0,58,53,57,65,70,123
1,0,9,48,0,2,48,13,0,51,57,59,70,64,121
0,0,7,48,0,5,52,11,0,57,55,60,66,68,123
1,0,7,48,1,3,51,11,0,55,55,58,66,66,122
1,0,10,44,1,1,54,10,0,56,54,55,64,66,121
0,0,0,52,0,3,56,10,0,59,52,55,62,69,121
0,0,7,46,1,5,51,11,0,56,53,58,64,67,121
2,0,8,46,1,3,53,10,0,58,54,57,64,68,123
1,0,10,49,1,3,49,10,0,53,59,62,69,63,123
0,0,7,53,1,6,43,11,0,49,60,66,71,60,121
1,0,8,46,0,2,53,11,0,56,54,56,65,67,121
1,0,6,48,1,1,51,13,0,53,54,55,67,66,121
1,0,8,43,0,5,57,9,0,63,51,56,60,72,123
1,0,8,46,1,4,50,11,0,55,54,58,65,66,121
1,0,7,49,1,3,54,9,0,58,56,59,65,67,124
2,0,11,42,1,4,53,11,0,59,53,57,64,70,124
1,0,12,45,0,2,48,12,0,51,57,59,69,63,120
1,0,8,47,0,3,48,15,0,52,55,58,70,67,122
1,0,9,45,1,4,48,16,0,53,54,58,70,69,124
1,0,7,48,0,6,48,11,0,55,55,61,66,66,121
1,0,7,49,1,2,53,9,0,56,56,58,65,65,122
1,0,6,50,1,2,53,9,0,56,56,58,65,65,122
2,0,10,44,1,3,50,11,0,55,54,57,65,66,121
1,0,9,45,1,4,51,12,0,56,54,58,66,68,123
2,0,7,48,0,2,54,8,0,58,55,57,63,66,121
1,0,0,56,0,2,49,12,0,52,56,58,68,64,120
2,0,8,49,1,3,48,12,0,53,57,60,69,65,123
0,0,8,48,0,2,51,12,0,53,56,58,68,65,121
4,0,8,48,1,2,49,9,0,55,56,58,65,64,121
1,0,9,47,1,3,50,12,0,54,56,59,68,66,123
1,0,9,44,1,2,56,11,0,59,53,55,64,70,124
1,0,8,46,0,5,51,10,0,57,54,59,64,67,121
1,0,9,42,0,3,55,12,0,59,51,54,63,71,122
1,0,9,42,0,1,45,22,0,47,51,52,73,69,120
1,0,10,46,0,2,51,12,0,54,56,58,68,66,122
1,0,0,51,1,3,59,7,0,63,51,54,58,70,122
1,0,8,51,1,4,47,10,0,52,59,63,69,62,122
1,0,7,54,0,4,44,12,0,49,61,65,73,61,122
1,0,7,50,1,4,49,13,0,54,57,61,70,67,125
1,0,0,50,1,1,52,17,0,54,50,51,67,71,122
2,0,6,51,0,3,48,11,0,53,57,60,68,64,121
1,0,12,42,1,3,50,13,0,54,54,57,67,67,122
1,0,8,45,0,5,49,14,0,55,53,58,67,69,122
1,0,9,49,1,3,52,9,0,56,58,61,67,65,124
1,0,10,43,1,0,56,11,0,57,53,53,64,68,122
1,0,6,47,1,3,52,13,0,56,53,56,66,69,123
0,0,12,44,1,3,54,9,0,57,56,59,65,66,123
1,0,8,48,0,5,53,8,0,59,56,61,64,67,123
1,0,9,45,0,4,52,12,0,57,54,58,66,69,123
0,0,9,49,0,3,46,15,0,49,58,61,73,64,122
1,0,10,43,1,5,51,14,0,57,53,58,67,71,125
1,0,9,43,1,2,54,12,0,57,52,54,64,69,122
1,0,11,44,1,3,53,10,0,57,55,58,65,67,123
1,0,7,45,1,2,53,12,0,56,52,54,64,68,121
0,0,6,51,1,4,50,10,0,54,57,61,67,64,122
1,0,7,49,0,3,50,12,0,54,56,59,68,66,122
1,0,10,47,0,2,51,10,0,54,57,59,67,64,121
1,0,6,48,1,3,54,10,0,58,54,57,64,68,123
1,0,8,45,0,2,51,15,0,54,53,55,68,69,122
1,0,7,44,0,3,56,11,0,60,51,54,62,71,122
1,0,9,50,0,2,48,11,0,51,59,61,70,62,121
1,0,9,42,0,3,54,14,0,58,51,54,65,72,123
3,0,7,40,1,2,56,13,0,61,47,49,60,74,122
1,0,10,49,0,3,50,9,0,54,59,62,68,63,122
1,0,9,43,0,1,52,14,0,54,52,53,66,68,120
1,0,7,47,1,5,55,10,0,61,54,59,64,71,126
0,0,8,52,1,4,49,9,0,53,60,64,69,62,123
3,0,10,43,1,3,51,11,0,57,53,56,64,68,122
0,0,8,45,1,3,54,11,0,57,53,56,64,68,122
0,0,9,44,0,4,56,10,0,60,53,57,63,70,123
1,0,7,50,1,6,49,7,0,56,57,63,64,63,121
2,0,11,40,1,3,52,14,0,57,51,54,65,71,123
1,0,7,47,0,4,51,13,0,56,54,58,67,69,123
0,0,9,48,1,2,51,11,0,53,57,59,68,64,122
0,0,9,46,0,3,54,9,0,57,55,58,64,66,121
1,0,8,49,1,4,50,11,0,55,57,61,68,66,124
1,0,13,44,0,4,48,12,0,53,57,61,69,65,122
1,0,10,48,0,4,49,11,0,54,58,62,69,65,123
1,0,8,47,0,2,53,10,0,56,55,57,65,66,121
1,0,7,42,1,3,55,14,0,59,49,52,63,73,123
0,0,8,47,1,2,51,12,0,53,55,57,67,65,121
1,0,8,47,0,2,49,13,0,52,55,57,68,65,120
2,0,9,45,0,5,53,8,0,60,54,59,62,68,122
1,0,9,47,0,4,51,11,0,56,56,60,67,67,123
1,0,10,41,0,6,56,10,0,63,51,57,61,73,124
2,0,10,48,1,4,48,11,0,54,58,62,69,65,124
1,0,10,43,1,3,49,15,0,53,53,56,68,68,122
1,0,10,44,0,2,54,9,0,57,54,56,63,66,120
1,0,0,52,0,2,56,11,0,59,52,54,63,70,122
1,0,7,48,1,3,53,11,0,57,55,58,66,68,124
1,0,11,43,1,5,53,12,0,59,54,59,66,71,126
1,0,12,45,1,2,48,12,0,51,57,59,69,63,121
1,0,6,53,0,4,47,9,0,52,59,63,68,61,120
1,0,8,50,0,4,46,13,0,51,58,62,71,64,122
0,0,7,47,0,2,56,8,0,58,54,56,62,66,120
1,0,10,47,1,1,48,13,0,50,57,58,70,63,121
0,0,7,52,0,4,51,9,0,55,59,63,68,64,123
1,0,9,48,0,4,54,9,0,59,57,61,66,68,125
2,0,9,50,1,5,48,10,0,55,59,64,69,65,125
0,0,8,48,1,3,50,13,0,53,56,59,69,66,123
0,0,7,50,1,4,52,8,0,56,57,61,65,64,122
2,0,7,49,0,5,53,7,0,60,56,61,63,67,123
2,0,9,43,0,2,50,14,0,54,52,54,66,68,120
1,0,12,39,1,4,55,11,0,60,51,55,62,71,123
0,0,9,43,1,2,54,13,0,56,52,54,65,69,122
1,0,7,53,0,4,50,8,0,55,60,64,68,63,123
2,0,8,42,0,3,58,9,0,63,50,53,59,72,122
0,0,11,46,1,2,47,15,0,49,57,59,72,64,122
1,0,8,48,0,2,51,10,0,54,56,58,66,64,120
1,0,9,47,1,3,48,13,0,52,56,59,69,65,122
1,0,9,48,0,2,48,13,0,51,57,59,70,64,121
0,0,10,42,0,5,55,12,0,60,52,57,64,72,124
1,0,7,49,1,4,53,8,0,58,56,60,64,66,123
1,0,8,46,0,2,51,12,0,54,54,56,66,66,120
1,0,9,47,1,5,51,11,0,57,56,61,67,68,125
1,0,8,49,0,2,50,11,0,53,57,59,68,64,121
1,0,6,47,1,4,54,12,0,59,53,57,65,71,125
1,0,11,44,1,3,50,13,0,54,55,58,68,67,123
0,0,12,44,0,3,50,11,0,53,56,59,67,64,120
1,0,8,46,1,4,53,11,0,58,54,58,65,69,124
0,0,8,46,0,3,54,11,0,57,54,57,65,68,122
1,0,11,45,0,3,53,9,0,57,56,59,65,66,122
1,0,8,48,1,1,52,10,0,54,56,57,66,64,121
0,0,9,47,0,2,51,11,0,53,56,58,67,64,120
1,0,13,40,0,5,51,14,0,57,53,58,67,71,124
1,0,7,54,0,3,48,8,0,52,61,64,69,60,121
1,0,8,42,1,2,55,12,0,58,50,52,62,70,121
1,0,9,49,1,4,49,11,0,54,58,62,69,65,124
1,0,9,49,1,3,49,11,0,53,58,61,69,64,123
0,0,10,43,0,3,55,11,0,58,53,56,64,69,122
1,0,7,47,1,3,54,11,0,58,54,57,65,69,124
1,0,10,44,1,3,53,10,0,57,54,57,64,67,122
1,0,0,55,0,3,52,10,0,56,55,58,65,66,121
1,0,0,51,0,3,55,12,0,59,51,54,63,71,122
1,0,11,46,1,4,49,12,0,54,57,61,69,66,124
1,0,12,48,0,3,48,11,0,52,60,63,71,63,123
1,0,12,44,0,4,52,10,0,57,56,60,66,67,123
1,0,8,45,1,4,48,14,0,53,53,57,67,67,121
1,0,7,53,0,5,49,9,0,55,60,65,69,64,124
1,0,7,50,1,3,50,10,0,54,57,60,67,64,122
1,0,7,56,1,4,46,9,0,51,63,67,72,60,124
1,0,9,44,0,3,53,12,0,57,53,56,65,69,122
1,0,10,50,1,2,46,11,0,49,60,62,71,60,121
1,0,12,40,0,3,56,11,0,60,52,55,63,71,123
1,0,7,54,0,1,47,11,0,49,61,62,72,60,121
1,0,10,45,1,2,57,7,0,60,55,57,62,67,123
1,0,10,46,0,5,53,10,0,59,56,61,66,69,125
1,0,9,48,1,4,52,10,0,57,57,61,67,67,125
1,0,9,53,1,4,46,10,0,51,62,66,72,61,124
2,0,8,48,1,2,54,6,0,58,56,58,62,64,121
2,0,9,46,1,3,51,11,0,56,55,58,66,67,123
1,0,7,46,0,4,55,8,0,60,53,57,61,68,121
1,0,7,44,0,6,54,13,0,61,51,57,64,74,125
0,0,11,43,1,2,51,13,0,53,54,56,67,66,121
2,0,10,44,0,4,55,8,0,61,54,58,62,69,123
1,0,7,50,1,2,52,10,0,55,57,59,67,65,123
1,0,7,49,0,2,49,12,0,52,56,58,68,64,120
1,0,7,50,1,1,52,10,0,54,57,58,67,64,122
0,0,9,47,0,1,52,11,0,53,56,57,67,64,120
1,0,0,49,1,4,58,8,0,63,49,53,57,71,121
1,0,0,51,0,5,55,10,0,61,51,56,61,71,122
1,0,8,49,0,2,49,12,0,52,57,59,69,64,121
1,0,0,58,0,3,48,11,0,52,58,61,69,63,121
1,0,8,51,0,5,49,11,0,55,59,64,70,66,125
2,0,9,47,0,3,45,14,0,50,56,59,70,64,120
1,0,9,48,0,2,51,11,0,54,57,59,68,65,122
2,0,8,45,0,3,50,14,0,55,53,56,67,69,122
0,0,7,49,1,1,49,14,0,50,56,57,70,64,121
1,0,9,42,0,2,57,9,0,60,51,53,60,69,120
1,0,8,45,1,4,54,9,0,59,53,57,62,68,122
1,0,9,48,1,2,52,9,0,55,57,59,66,64,122
0,0,9,44,0,4,51,15,0,55,53,57,68,70,123
1,0,0,52,0,4,56,10,0,61,52,56,62,71,123
1,0,9,51,0,3,47,9,0,51,60,63,69,60,120
1,0,7,48,1,3,50,13,0,54,55,58,68,67,123
1,0,8,51,0,3,47,13,0,51,59,62,72,64,123
1,0,8,47,0,3,54,10,0,58,55,58,65,68,123
1,0,10,42,0,3,55,11,0,59,52,55,63,70,122
1,0,8,45,1,4,54,11,0,59,53,57,64,70,124
0,0,11,48,0,3,46,14,0,49,59,62,73,63,122
1,0,9,45,0,2,53,11,0,56,54,56,65,67,121
1,0,10,46,0,5,51,10,0,57,56,61,66,67,123
1,0,7,48,1,2,54,9,0,57,55,57,64,66,122
1,0,7,46,1,1,57,9,0,59,53,54,62,68,122
1,0,7,44,0,5,54,10,0,60,51,56,61,70,121
1,0,9,45,0,3,55,8,0,59,54,57,62,67,121
3,0,11,48,0,4,48,9,0,55,59,63,68,64,123
1,0,9,44,1,5,48,13,0,54,53,58,66,67,121
2,0,11,44,0,3,49,12,0,54,55,58,67,66,121
2,0,10,44,1,4,52,11,0,58,54,58,65,69,124
1,0,0,53,0,4,51,12,0,56,53,57,65,68,121
1,0,11,47,1,3,50,11,0,54,58,61,69,65,124
1,0,8,48,1,3,50,13,0,54,56,59,69,67,124
1,0,9,49,1,2,45,15,0,48,58,60,73,63,122
1,0,0,53,1,3,55,9,0,59,53,56,62,68,122
1,0,6,47,1,2,54,10,0,57,53,55,63,67,121
1,0,7,46,0,3,56,7,0,60,53,56,60,67,120
1,0,7,49,0,1,51,12,0,53,56,57,68,65,121
1,0,7,45,0,2,54,11,0,57,52,54,63,68,120
1,0,6,53,0,2,51,8,0,54,59,61,67,62,121
1,0,0,52,0,2,52,14,0,55,52,54,66,69,121
1,0,12,46,0,3,51,10,0,55,58,61,68,65,123
1,0,7,46,1,2,51,15,0,54,53,55,68,69,123
0,0,6,47,0,4,56,9,0,60,53,57,62,69,122
1,0,7,50,1,2,50,11,0,53,57,59,68,64,122
1,0,8,47,0,2,52,10,0,55,55,57,65,65,120
1,0,10,47,1,3,53,7,0,57,57,60,64,64,122
1,0,7,47,1,5,55,9,0,61,54,59,63,70,125
0,0,10,48,1,3,50,10,0,53,58,61,68,63,122
1,0,8,54,0,3,44,12,0,48,62,65,74,60,122
0,0,7,51,0,2,52,9,0,54,58,60,67,63,121
0,0,9,50,1,0,48,13,0,48,59,59,72,61,121
0,0,9,47,1,4,53,10,0,57,56,60,66,67,124
1,0,7,49,0,2,51,12,0,54,56,58,68,66,122
3,0,0,49,0,3,56,9,0,62,49,52,58,71,120
1,0,7,48,0,1,55,8,0,57,55,56,63,65,120
1,0,7,50,0,5,50,8,0,56,57,62,65,64,121
0,0,10,47,0,4,50,12,0,54,57,61,69,66,123
1,0,7,48,0,4,55,7,0,60,55,59,62,67,122
0,0,6,49,1,3,50,14,0,53,55,58,69,67,123
1,0,10,48,0,5,50,10,0,56,58,63,68,66,124
0,0,8,43,0,3,56,12,0,59,51,54,63,71,122
0,0,8,47,1,4,54,9,0,58,55,59,64,67,123
1,0,10,44,0,6,50,15,0,57,54,60,69,72,126
1,0,6,49,0,4,51,12,0,56,55,59,67,68,123
1,0,7,53,1,4,48,10,0,53,60,64,70,63,124
1,0,8,51,1,3,44,13,0,48,59,62,72,61,121
1,0,0,49,1,5,56,14,0,62,49,54,63,76,126
1,0,8,47,0,0,51,13,0,52,55,55,68,65,120
1,0,11,42,0,3,52,12,0,56,53,56,65,68,121
1,0,7,49,0,1,55,8,0,57,56,57,64,65,121
1,0,8,48,1,3,51,9,0,55,56,59,65,64,121
0,0,9,48,0,3,51,10,0,54,57,60,67,64,121
1,0,8,44,1,2,52,15,0,55,52,54,67,70,123
1,0,8,48,0,2,51,12,0,54,56,58,68,66,122
0,0,7,50,0,4,46,15,0,50,57,61,72,65,122
1,0,7,49,1,2,52,9,0,55,56,58,65,64,121
1,0,11,43,0,4,53,12,0,58,54,58,66,70,124
1,0,11,49,0,3,51,8,0,55,60,63,68,63,123
1,0,8,45,0,2,50,16,0,53,53,55,69,69,122
1,0,8,49,0,4,51,11,0,56,57,61,68,67,124
1,0,9,48,1,2,49,12,0,52,57,59,69,64,122
0,0,9,47,0,1,53,10,0,54,56,57,66,64,120
0,0,9,49,1,2,48,12,0,50,58,60,70,62,121
1,0,8,44,0,3,54,12,0,58,52,55,64,70,122
1,0,11,51,0,6,47,9,0,54,62,68,71,63,125
0,0,8,46,0,3,51,12,0,54,54,57,66,66,120
1,0,6,48,0,3,50,13,0,54,54,57,67,67,121
2,0,12,49,1,3,47,9,0,52,61,64,70,61,123
1,0,9,48,0,3,51,8,0,55,57,60,65,63,120
1,0,9,46,1,2,53,11,0,56,55,57,66,67,123
1,0,8,48,1,4,53,10,0,58,56,60,66,68,125
2,0,11,48,1,2,47,10,0,51,59,61,69,61,121
1,0,9,51,0,3,49,9,0,53,60,63,69,62,122
1,0,7,45,0,4,56,10,0,61,52,56,62,71,123
1,0,9,46,0,3,50,13,0,54,55,58,68,67,122
3,0,9,46,1,3,53,8,0,59,55,58,63,67,123
1,0,7,49,1,2,53,9,0,56,56,58,65,65,122
0,0,8,48,1,1,51,12,0,52,56,57,68,64,121
1,0,7,47,0,5,51,13,0,57,54,59,67,70,124
1,0,6,51,1,2,50,11,0,53,57,59,68,64,122
1,0,8,50,1,1,51,9,0,53,58,59,67,62,121
1,0,0,53,0,2,55,11,0,58,53,55,64,69,122
1,0,9,46,0,4,52,8,0,57,55,59,63,65,120
1,0,0,53,0,3,54,9,0,58,53,56,62,67,120
0,0,6,53,1,2,50,9,0,52,59,61,68,61,121
1,0,0,57,0,4,48,12,0,53,57,61,69,65,122
1,0,0,52,1,3,58,7,0,62,52,55,59,69,122
1,0,0,59,0,3,50,8,0,54,59,62,67,62,121
1,0,8,47,0,3,52,10,0,56,55,58,65,66,121
1,0,6,48,0,2,54,9,0,57,54,56,63,66,120
1,0,7,48,0,5,54,9,0,60,55,60,64,69,124
1,0,10,43,1,5,54,13,0,60,53,58,66,73,127
2,0,9,45,1,4,50,11,0,56,54,58,65,67,122
0,0,0,55,1,4,49,12,0,53,55,59,67,65,121
1,0,10,45,0,3,51,12,0,55,55,58,67,67,122
1,0,8,48,1,4,47,15,0,52,56,60,71,67,124
1,0,11,47,1,3,47,14,0,51,58,61,72,65,124
0,0,7,43,1,3,61,8,0,64,50,53,58,72,123
1,0,12,44,1,3,49,11,0,53,56,59,67,64,121
1,0,7,51,0,4,49,12,0,54,58,62,70,66,124
1,0,7,48,1,3,51,10,0,55,55,58,65,65,121
1,0,6,53,1,5,48,11,0,54,59,64,70,65,125
2,0,9,45,1,4,55,8,0,61,54,58,62,69,124
1,0,0,52,1,8,51,9,0,60,52,60,61,69,122
1,0,8,50,0,6,48,11,0,55,58,64,69,66,124
1,0,6,45,1,2,57,10,0,60,51,53,61,70,122
1,0,7,52,1,1,47,13,0,49,59,60,72,62,122
1,0,9,48,1,4,48,12,0,53,57,61,69,65,123
1,0,12,43,1,1,50,14,0,52,55,56,69,66,122
2,0,8,51,1,1,48,10,0,51,59,60,69,61,121
3,0,9,43,1,3,54,10,0,60,52,55,62,70,123
1,0,10,43,0,5,54,12,0,60,53,58,65,72,125
1,0,8,45,0,5,53,13,0,59,53,58,66,72,125
2,0,6,48,1,3,53,10,0,58,54,57,64,68,123
1,0,10,49,0,5,49,11,0,55,59,64,70,66,125
2,0,9,42,1,2,57,10,0,61,51,53,61,71,123
1,0,8,52,0,4,49,9,0,54,60,64,69,63,123
1,0,10,46,0,4,55,7,0,60,56,60,63,67,123
2,0,8,48,0,3,51,9,0,56,56,59,65,65,121
2,0,9,45,0,3,55,7,0,60,54,57,61,67,121
3,0,11,43,1,3,53,9,0,59,54,57,63,68,123
1,0,7,47,0,3,53,10,0,57,54,57,64,67,121
1,0,0,55,0,4,47,16,0,52,55,59,71,68,123
2,0,7,47,1,3,51,11,0,56,54,57,65,67,122
1,0,9,49,0,4,48,11,0,53,58,62,69,64,122
1,0,7,43,1,4,54,14,0,59,50,54,64,73,124
0,0,0,50,0,1,60,9,0,61,50,51,59,70,120
1,0,6,50,1,3,50,13,0,54,56,59,69,67,124
1,0,9,48,1,2,51,10,0,54,57,59,67,64,122
0,0,9,48,1,4,49,11,0,53,57,61,68,64,122
1,0,7,50,0,3,54,8,0,58,57,60,65,66,123
0,0,11,46,1,4,50,10,0,54,57,61,67,64,122
1,0,7,47,1,5,54,10,0,60,54,59,64,70,125
1,0,9,48,1,4,48,14,0,53,57,61,71,67,125
1,0,9,47,0,4,51,10,0,56,56,60,66,66,122
0,0,8,48,0,3,54,8,0,57,56,59,64,65,121
0,0,6,50,1,3,53,10,0,56,56,59,66,66,123
1,0,9,44,1,3,54,9,0,58,53,56,62,67,121
1,0,8,48,0,3,52,9,0,56,56,59,65,65,121
1,0,8,50,0,4,49,10,0,54,58,62,68,64,122
1,0,8,47,1,2,53,10,0,56,55,57,65,66,122
1,0,10,44,1,2,53,9,0,56,54,56,63,65,120
1,0,7,51,1,3,51,9,0,55,58,61,67,64,123
1,0,7,46,1,3,51,13,0,55,53,56,66,68,122
1,0,9,45,1,2,51,12,0,54,54,56,66,66,121
1,0,7,49,1,5,51,8,0,57,56,61,64,65,122
0,0,9,46,1,2,54,9,0,56,55,57,64,65,121
1,0,12,39,1,4,59,8,0,64,51,55,59,72,124
0,0,10,50,1,3,47,10,0,50,60,63,70,60,121
1,0,8,51,1,2,47,12,0,50,59,61,71,62,122
1,0,0,49,1,3,55,15,0,59,49,52,64,74,124
3,0,10,46,0,3,48,11,0,54,56,59,67,65,121
1,0,8,49,0,4,50,8,0,55,57,61,65,63,120
0,0,12,43,0,3,54,10,0,57,55,58,65,67,122
1,0,7,52,1,0,51,10,0,52,59,59,69,62,122
0,0,9,45,1,3,52,12,0,55,54,57,66,67,122
0,0,8,51,0,4,53,7,0,57,59,63,66,64,123
1,0,9,44,0,3,56,9,0,60,53,56,62,69,122
1,0,10,41,0,3,58,9,0,62,51,54,60,71,122
1,0,9,48,0,3,52,10,0,56,57,60,67,66,123
2,0,0,52,0,2,52,12,0,56,52,54,64,68,120
1,0,10,48,1,4,49,11,0,54,58,62,69,65,124
0,0,9,49,1,2,47,14,0,49,58,60,72,63,122
1,0,10,49,0,5,48,11,0,54,59,64,70,65,124
1,0,0,53,0,4,53,12,0,58,53,57,65,70,123
0,0,9,46,1,4,48,15,0,52,55,59,70,67,123
1,0,11,45,0,2,52,10,0,55,56,58,66,65,121
1,0,6,50,0,3,49,12,0,53,56,59,68,65,121
0,0,9,50,1,3,47,12,0,50,59,62,71,62,122
1,0,8,48,0,3,50,13,0,54,56,59,69,67,123
1,0,0,56,1,3,52,10,0,56,56,59,66,66,123
1,0,9,46,1,4,51,12,0,56,55,59,67,68,124
0,0,8,54,1,2,46,11,0,48,62,64,73,59,122
1,0,8,49,1,3,51,10,0,55,57,60,67,65,123
0,0,0,47,1,4,58,14,0,62,47,51,61,76,124
1,0,11,40,1,5,55,12,0,61,51,56,63,73,125
1,0,9,48,1,4,50,11,0,55,57,61,68,66,124
0,0,9,45,0,2,55,10,0,57,54,56,64,67,121
1,0,10,48,0,4,47,12,0,52,58,62,70,64,122
1,0,9,47,0,5,52,9,0,58,56,61,65,67,123
0,0,9,46,1,4,57,8,0,61,55,59,63,69,125
1,0,9,43,1,3,53,12,0,57,52,55,64,69,122
0,0,12,44,1,4,46,15,0,50,56,60,71,65,122
0,0,7,50,1,1,49,13,0,50,57,58,70,63,121
0,0,8,48,1,4,52,11,0,56,56,60,67,67,124
1,0,7,47,1,2,52,10,0,55,54,56,64,65,120
1,0,7,51,0,3,48,12,0,52,58,61,70,64,122
1,0,10,47,0,4,48,13,0,53,57,61,70,66,123
1,0,12,44,0,2,49,13,0,52,56,58,69,65,121
1,0,6,52,1,4,48,11,0,53,58,62,69,64,123
0,0,11,41,1,5,52,15,0,57,52,57,67,72,125
1,0,8,45,0,2,51,13,0,54,53,55,66,67,120
0,0,7,56,0,2,42,14,0,44,63,65,77,58,121
1,0,8,50,0,3,46,13,0,50,58,61,71,63,121
1,0,8,47,0,3,49,13,0,53,55,58,68,66,121
1,0,9,43,1,5,54,12,0,60,52,57,64,72,125
0,0,6,44,0,2,56,12,0,58,50,52,62,70,120
1,0,8,45,1,2,54,11,0,57,53,55,64,68,122
1,0,11,44,1,2,52,11,0,55,55,57,66,66,122
0,0,0,57,0,3,52,8,0,55,57,60,65,63,120
0,0,11,42,1,5,54,11,0,59,53,58,64,70,124
1,0,9,47,0,4,51,11,0,56,56,60,67,67,123
1,0,8,48,1,3,53,10,0,57,56,59,66,67,124
1,0,9,49,1,4,50,11,0,55,58,62,69,66,125
1,0,8,54,0,5,46,10,0,52,62,67,72,62,124
1,0,11,41,1,3,57,9,0,61,52,55,61,70,123
0,0,8,45,1,5,54,11,0,59,53,58,64,70,124
2,0,8,46,1,2,50,12,0,54,54,56,66,66,121
1,0,10,47,0,4,51,9,0,56,57,61,66,65,122
1,0,8,51,0,4,48,11,0,53,59,63,70,64,123
1,0,0,49,0,4,56,13,0,61,49,53,62,74,123
1,0,10,46,1,2,51,11,0,54,56,58,67,65,122
1,0,11,47,1,3,48,13,0,52,58,61,71,65,124
1,0,9,49,1,2,49,11,0,52,58,60,69,63,122
1,0,9,51,1,4,49,8,0,54,60,64,68,62,123
1,0,7,48,0,2,52,10,0,55,55,57,65,65,120
0,0,0,53,0,3,54,12,0,57,53,56,65,69,122
1,0,8,47,0,4,52,10,0,57,55,59,65,67,122
2,0,7,50,0,3,52,7,0,57,57,60,64,64,121
1,0,8,50,0,3,49,10,0,53,58,61,68,63,121
1,0,7,48,1,4,50,12,0,55,55,59,67,67,123
1,0,7,50,0,3,50,10,0,54,57,60,67,64,121
2,0,10,42,0,4,53,12,0,59,52,56,64,71,123
0,0,8,49,1,3,54,8,0,57,57,60,65,65,123
1,0,9,47,1,3,51,10,0,55,56,59,66,65,122
0,0,8,49,0,3,50,11,0,53,57,60,68,64,121
1,0,9,53,1,0,44,14,0,45,62,62,76,59,122
1,0,11,47,1,4,51,9,0,56,58,62,67,65,124
1,0,8,43,1,3,55,12,0,59,51,54,63,71,123
1,0,6,50,0,3,52,10,0,56,56,59,66,66,122
1,0,0,51,0,3,55,11,0,59,51,54,62,70,121
1,0,9,47,1,2,52,10,0,55,56,58,66,65,122
1,0,10,46,0,1,53,10,0,55,56,57,66,65,121
1,0,0,52,0,3,54,10,0,58,52,55,62,68,120
1,0,13,44,0,2,48,13,0,51,57,59,70,64,121
1,0,6,46,0,2,53,12,0,56,52,54,64,68,120
1,0,7,47,1,3,49,13,0,53,54,57,67,66,121
1,0,9,48,0,3,51,10,0,55,57,60,67,65,122
1,0,9,46,0,2,52,11,0,55,55,57,66,66,121
1,0,0,58,1,0,47,14,0,48,58,58,72,62,121
1,0,8,45,1,3,51,15,0,55,53,56,68,70,124
1,0,11,41,0,2,54,11,0,57,52,54,63,68,120
1,0,7,48,0,3,54,7,0,58,55,58,62,65,120
1,0,7,45,0,2,54,11,0,57,52,54,63,68,120
1,0,9,44,0,5,54,10,0,60,53,58,63,70,123
2,0,8,45,0,2,53,10,0,57,53,55,63,67,120
1,0,9,49,1,1,44,16,0,46,58,59,74,62,121
1,0,11,46,1,3,50,10,0,54,57,60,67,64,122
1,0,8,46,1,4,50,12,0,55,54,58,66,67,122
1,0,7,45,0,3,52,12,0,56,52,55,64,68,120
0,0,10,47,1,5,44,15,0,49,57,62,72,64,122
1,0,10,42,1,3,56,11,0,60,52,55,63,71,124
1,0,7,48,2,3,49,11,0,53,55,58,66,64,121
1,0,12,41,0,3,56,9,0,60,53,56,62,69,122
1,0,8,48,0,3,52,11,0,56,56,59,67,67,123
1,0,8,49,0,0,51,11,0,52,57,57,68,63,120
0,0,0,53,1,3,54,11,0,57,53,56,64,68,122
1,0,7,49,0,2,46,16,0,49,56,58,72,65,121
1,0,11,46,0,3,50,11,0,54,57,60,68,65,122
1,0,8,41,0,3,59,10,0,63,49,52,59,73,122
1,0,8,47,1,3,53,10,0,57,55,58,65,67,123
0,0,11,45,1,4,51,10,0,55,56,60,66,65,122
1,0,7,51,1,2,48,11,0,51,58,60,69,62,121
1,0,8,47,0,2,49,14,0,52,55,57,69,66,121
1,0,9,45,1,3,55,8,0,59,54,57,62,67,122
1,0,8,46,1,4,56,9,0,61,54,58,63,70,125
2,0,10,46,0,3,48,12,0,53,56,59,68,65,121
1,0,9,48,0,3,48,13,0,52,57,60,70,65,122
1,0,10,43,0,2,54,11,0,57,53,55,64,68,121
2,0,0,52,0,3,56,8,0,61,52,55,60,69,121
1,0,8,44,1,3,56,10,0,60,52,55,62,70,123
1,0,6,55,1,2,45,13,0,48,61,63,74,61,123
2,0,0,50,1,3,55,11,0,60,50,53,61,71,122
2,0,10,46,0,4,48,13,0,54,56,60,69,67,123
1,0,9,47,0,2,51,10,0,54,56,58,66,64,120
1,0,9,51,1,2,46,12,0,49,60,62,72,61,122
1,0,0,48,0,4,57,12,0,62,48,52,60,74,122
1,0,8,42,1,2,58,11,0,61,50,52,61,72,123
0,0,11,40,1,5,58,10,0,63,51,56,61,73,125
3,0,8,46,0,2,52,10,0,57,54,56,64,67,121
1,0,7,46,1,3,54,11,0,58,53,56,64,69,123
1,0,10,45,0,2,51,13,0,54,55,57,68,67,122
1,0,7,50,1,2,50,10,0,53,57,59,67,63,121
1,0,7,51,0,2,51,9,0,54,58,60,67,63,121
0,0,9,46,1,3,52,11,0,55,55,58,66,66,122
0,0,7,46,1,2,48,18,0,50,53,55,71,68,122
0,0,10,47,0,5,50,11,0,55,57,62,68,66,123
1,0,9,47,0,0,54,9,0,55,56,56,65,64,120
1,0,10,44,1,3,48,17,0,52,54,57,71,69,124
1,0,6,54,1,4,47,9,0,52,60,64,69,61,122
1,0,10,49,1,3,49,11,0,53,59,62,70,64,124
1,0,9,48,1,4,52,9,0,57,57,61,66,66,124
1,0,10,47,1,3,50,11,0,54,57,60,68,65,123
0,0,7,49,0,3,53,10,0,56,56,59,66,66,122
1,0,6,51,1,3,51,11,0,55,57,60,68,66,124
1,0,10,44,0,3,51,12,0,55,54,57,66,67,121
0,0,9,47,1,2,52,10,0,54,56,58,66,64,121
0,0,9,42,1,3,56,11,0,59,51,54,62,70,122
1,0,11,48,0,6,48,11,0,55,59,65,70,66,125
1,0,9,45,1,4,51,13,0,56,54,58,67,69,124
1,0,7,49,0,1,48,15,0,50,56,57,71,65,121
1,0,9,48,1,4,51,11,0,56,57,61,68,67,125
0,0,8,49,1,4,53,9,0,57,57,61,66,66,124
1,0,9,45,1,5,51,12,0,57,54,59,66,69,124
1,0,8,41,0,4,55,14,0,60,49,53,63,74,123
1,0,12,44,0,5,47,15,0,53,56,61,71,68,124
0,0,12,42,0,3,54,11,0,57,54,57,65,68,122
1,0,8,49,0,4,51,11,0,56,57,61,68,67,124
1,0,11,49,1,2,47,12,0,50,60,62,72,62,123
1,0,8,49,0,4,49,11,0,54,57,61,68,65,122
1,0,10,48,0,4,49,11,0,54,58,62,69,65,123
0,0,6,47,0,5,51,11,0,56,53,58,64,67,120
1,0,9,44,1,5,54,9,0,60,53,58,62,69,123
1,0,12,46,0,3,46,12,0,50,58,61,70,62,120
1,0,8,47,1,6,50,12,0,57,55,61,67,69,125
0,0,7,49,1,3,51,10,0,54,56,59,66,64,121
1,0,11,42,1,4,54,10,0,59,53,57,63,69,123
3,0,6,49,1,5,53,8,0,61,55,60,63,69,125
1,0,8,49,1,4,48,12,0,53,57,61,69,65,123
1,0,7,49,1,3,51,11,0,55,56,59,67,66,123
1,0,8,46,0,5,55,9,0,61,54,59,63,70,124
2,0,7,46,0,2,54,9,0,58,53,55,62,67,120
1,0,7,53,1,3,45,13,0,49,60,63,73,62,123
1,0,8,48,1,5,47,11,0,53,56,61,67,64,121
1,0,9,45,0,3,48,14,0,52,54,57,68,66,120
1,0,8,48,1,3,54,9,0,58,56,59,65,67,124
1,0,7,47,1,2,53,11,0,56,54,56,65,67,122
1,0,7,50,0,5,50,10,0,56,57,62,67,66,123
1,0,10,46,0,4,51,11,0,56,56,60,67,67,123
0,0,8,50,1,3,51,10,0,54,58,61,68,64,123
1,0,7,45,1,5,51,16,0,57,52,57,68,73,126
1,0,7,54,1,2,50,8,0,53,61,63,69,61,123
1,0,12,41,0,3,48,17,0,52,53,56,70,69,122
1,0,7,45,1,3,52,13,0,56,52,55,65,69,122
1,0,10,44,0,2,51,13,0,54,54,56,67,67,121
1,0,9,48,0,3,50,11,0,54,57,60,68,65,122
1,0,6,48,0,4,51,13,0,56,54,58,67,69,123
1,0,12,47,1,2,49,9,0,52,59,61,68,61,121
1,0,6,49,0,5,53,10,0,59,55,60,65,69,124
1,0,7,45,1,3,55,11,0,59,52,55,63,70,123
1,0,8,51,1,2,51,7,0,54,59,61,66,61,121
2,0,9,46,0,2,51,11,0,55,55,57,66,66,121
1,0,9,43,1,2,58,8,0,61,52,54,60,69,122
1,0,10,48,1,2,48,11,0,51,58,60,69,62,121
1,0,8,50,0,2,52,8,0,55,58,60,66,63,121
1,0,10,48,1,5,49,11,0,55,58,63,69,66,125
0,0,10,46,1,5,52,9,0,57,56,61,65,66,123
1,0,7,49,1,5,48,11,0,54,56,61,67,65,122
0,0,7,47,1,2,56,8,0,58,54,56,62,66,121
1,0,8,43,1,2,53,15,0,56,51,53,66,71,123
1,0,0,55,0,4,53,8,0,58,55,59,63,66,121
1,0,6,49,0,4,54,9,0,59,55,59,64,68,123
1,0,9,37,1,3,55,17,0,59,46,49,63,76,123
2,0,8,48,0,3,47,12,0,52,56,59,68,64,120
1,0,11,44,0,3,52,10,0,56,55,58,65,66,121
0,0,8,49,1,5,51,11,0,56,57,62,68,67,125
0,0,8,48,0,2,53,10,0,55,56,58,66,65,121
1,0,8,47,1,1,51,12,0,53,55,56,67,65,121
2,0,9,47,1,2,50,10,0,54,56,58,66,64,121
1,0,10,43,1,2,53,11,0,56,53,55,64,67,121
4,0,12,44,0,4,49,10,0,57,56,60,66,67,123
1,0,6,50,0,5,48,11,0,54,56,61,67,65,121
1,0,8,49,0,3,49,12,0,53,57,60,69,65,122
0,0,0,55,1,2,51,12,0,53,55,57,67,65,121
0,0,13,42,1,3,54,10,0,57,55,58,65,67,123
1,0,7,46,1,4,54,12,0,59,53,57,65,71,125
1,0,10,50,1,3,48,10,0,52,60,63,70,62,123
1,0,10,47,1,4,52,9,0,57,57,61,66,66,124
0,0,10,47,1,4,48,12,0,52,57,61,69,64,122
1,0,8,54,0,5,42,10,0,48,62,67,72,58,120
2,0,8,45,0,3,55,9,0,60,53,56,62,69,122
1,0,12,49,1,4,44,13,0,49,61,65,74,62,124
1,0,9,44,0,3,52,14,0,56,53,56,67,70,123
1,0,7,49,1,2,46,15,0,49,56,58,71,64,121
1,0,7,51,1,3,47,13,0,51,58,61,71,64,123
2,0,11,41,0,2,57,7,0,61,52,54,59,68,120
0,0,8,46,0,2,54,11,0,56,54,56,65,67,121
1,0,8,47,1,3,47,15,0,51,55,58,70,66,122
1,0,9,44,0,3,55,11,0,59,53,56,64,70,123
2,0,10,44,1,3,54,9,0,59,54,57,63,68,123
0,0,7,49,0,3,51,11,0,54,56,59,67,65,121
0,0,6,50,1,4,52,10,0,56,56,60,66,66,123
1,0,7,51,1,3,50,8,0,54,58,61,66,62,121
0,0,8,45,1,3,51,15,0,54,53,56,68,69,123
0,0,10,43,0,3,53,12,0,56,53,56,65,68,121
0,0,9,49,0,3,52,9,0,55,58,61,67,64,122
0,0,7,53,1,3,48,10,0,51,60,63,70,61,122
1,0,10,49,0,5,52,7,0,58,59,64,66,65,124
1,0,6,48,0,2,51,12,0,54,54,56,66,66,120
3,0,9,45,0,4,50,11,0,57,54,58,65,68,122
1,0,7,52,1,3,47,10,0,51,59,62,69,61,121
1,0,7,54,0,2,48,9,0,51,61,63,70,60,121
0,0,8,49,0,1,49,13,0,50,57,58,70,63,120
1,0,0,50,0,2,56,11,0,59,50,52,61,70,120
1,0,9,45,0,5,50,15,0,56,54,59,69,71,125
0,0,8,46,1,5,54,7,0,59,54,59,61,66,121
1,0,9,49,1,2,54,7,0,57,58,60,65,64,123
1,0,7,48,1,4,48,12,0,53,55,59,67,65,121
1,0,8,51,1,4,51,7,0,56,59,63,66,63,123
1,0,8,47,0,1,51,13,0,53,55,56,68,66,121
0,0,12,43,1,3,52,12,0,55,55,58,67,67,123
0,0,9,44,2,3,52,10,0,55,53,56,63,65,120
0,0,7,42,1,5,58,12,0,63,49,54,61,75,125
0,0,10,43,0,4,52,13,0,56,53,57,66,69,122
1,0,7,47,1,2,51,12,0,54,54,56,66,66,121
1,0,0,56,1,4,50,10,0,55,56,60,66,65,122
0,0,10,48,1,0,48,14,0,48,58,58,72,62,121
1,0,7,49,0,3,55,8,0,59,56,59,64,67,123
1,0,9,42,0,3,54,13,0,58,51,54,64,71,122
1,0,8,44,0,3,51,14,0,55,52,55,66,69,121
1,0,9,51,0,3,46,10,0,50,60,63,70,60,120
1,0,7,50,0,3,48,11,0,52,57,60,68,63,120
2,0,9,46,1,4,51,11,0,57,55,59,66,68,124
3,0,0,53,0,4,55,8,0,62,53,57,61,70,123
1,0,9,46,1,0,52,12,0,53,55,55,67,65,121
1,0,7,47,1,3,53,12,0,57,54,57,66,69,124
1,0,8,48,1,2,52,9,0,55,56,58,65,64,121
1,0,8,45,1,3,55,11,0,59,53,56,64,70,124
1,0,14,44,0,4,51,9,0,56,58,62,67,65,123
1,0,9,50,0,3,51,8,0,55,59,62,67,63,122
0,0,9,45,1,2,50,15,0,52,54,56,69,67,122
0,0,9,50,1,2,47,13,0,49,59,61,72,62,122
1,0,8,47,1,2,51,11,0,54,55,57,66,65,121
1,0,7,46,0,4,54,11,0,59,53,57,64,70,123
0,0,7,48,0,2,52,11,0,54,55,57,66,65,120
1,0,9,49,0,3,50,10,0,54,58,61,68,64,122
1,0,8,46,0,3,53,10,0,57,54,57,64,67,121
1,0,10,47,1,4,52,9,0,57,57,61,66,66,124
1,0,10,44,0,1,53,11,0,55,54,55,65,66,120
0,0,12,41,0,4,53,13,0,57,53,57,66,70,123
0,0,11,45,0,2,50,13,0,52,56,58,69,65,121
1,0,6,50,0,2,52,9,0,55,56,58,65,64,120
1,0,9,49,1,2,51,9,0,54,58,60,67,63,122
1,0,8,46,0,3,51,14,0,55,54,57,68,69,123
1,0,7,49,1,4,51,9,0,56,56,60,65,65,122
1,0,7,48,0,3,50,11,0,54,55,58,66,65,120
1,0,11,45,0,3,51,10,0,55,56,59,66,65,121
1,0,7,51,1,3,50,11,0,54,58,61,69,65,124
1,0,9,47,1,3,51,10,0,55,56,59,66,65,122
1,0,9,44,1,3,54,10,0,58,53,56,63,68,122
1,0,0,47,1,3,60,10,0,64,47,50,57,74,122
0,0,9,45,0,2,48,16,0,50,54,56,70,66,120
0,0,10,46,1,6,51,11,0,57,56,62,67,68,125
2,0,8,50,1,3,50,7,0,55,58,61,65,62,121
1,0,10,46,0,4,48,15,0,53,56,60,71,68,124
1,0,10,44,0,4,51,13,0,56,54,58,67,69,123
1,0,8,46,0,1,56,9,0,58,54,55,63,67,121
1,0,7,50,0,3,53,8,0,57,57,60,65,65,122
1,0,8,47,1,4,54,10,0,59,55,59,65,69,125
2,0,8,50,0,4,49,10,0,55,58,62,68,65,123
0,0,10,46,1,5,51,11,0,56,56,61,67,67,124
1,0,13,46,1,3,51,9,0,55,59,62,68,64,124
1,0,0,48,1,3,58,11,0,62,48,51,59,73,122
1,0,10,47,1,4,50,11,0,55,57,61,68,66,124
1,0,8,51,0,4,48,9,0,53,59,63,68,62,121
1,0,10,50,1,3,46,12,0,50,60,63,72,62,123
1,0,8,47,0,2,50,13,0,53,55,57,68,66,121
1,0,8,53,1,0,47,11,0,48,61,61,72,59,121
0,0,9,45,0,2,50,14,0,52,54,56,68,66,120
1,0,8,47,0,3,51,12,0,55,55,58,67,67,122
3,0,10,42,0,2,51,13,0,56,52,54,65,69,121
1,0,8,49,0,2,49,11,0,52,57,59,68,63,120
1,0,7,49,1,2,52,9,0,55,56,58,65,64,121
0,0,8,45,0,2,51,14,0,53,53,55,67,67,120
0,0,8,48,0,3,52,10,0,55,56,59,66,65,121
0,0,7,48,0,2,57,7,0,59,55,57,62,66,121
4,0,0,52,1,3,55,8,0,62,52,55,60,70,123
1,0,6,46,0,5,52,12,0,58,52,57,64,70,122
1,0,8,48,0,4,49,13,0,54,56,60,69,67,123
0,0,8,46,1,3,52,12,0,55,54,57,66,67,122
1,0,0,53,0,5,52,10,0,58,53,58,63,68,121
2,0,9,43,0,4,55,9,0,61,52,56,61,70,122
1,0,10,45,0,3,52,11,0,56,55,58,66,67,122
0,0,0,50,0,3,54,15,0,57,50,53,65,72,122
1,0,9,47,1,3,50,13,0,54,56,59,69,67,124
2,0,8,46,0,2,54,8,0,58,54,56,62,66,120
1,0,8,48,0,3,54,8,0,58,56,59,64,66,122
0,0,8,48,0,3,53,10,0,56,56,59,66,66,122
1,0,11,48,1,1,47,12,0,49,59,60,71,61,121
1,0,7,48,1,1,49,14,0,51,55,56,69,65,121
1,0,8,42,1,3,54,13,0,58,50,53,63,71,122
1,0,7,47,1,5,50,12,0,56,54,59,66,68,123
1,0,11,40,1,5,58,9,0,64,51,56,60,73,125
1,0,0,60,1,4,51,7,0,56,60,64,67,63,124
1,0,0,51,0,3,56,9,0,60,51,54,60,69,120
0,0,9,48,1,3,51,10,0,54,57,60,67,64,122
1,0,8,44,1,3,53,13,0,57,52,55,65,70,123
0,0,8,47,1,5,55,9,0,60,55,60,64,69,125
1,0,9,47,1,1,48,14,0,50,56,57,70,64,121
1,0,10,49,0,4,50,10,0,55,59,63,69,65,124
1,0,10,43,0,3,52,12,0,56,53,56,65,68,121
1,0,9,51,0,4,46,10,0,51,60,64,70,61,121
0,0,7,46,1,5,56,10,0,61,53,58,63,71,125
0,0,10,49,1,2,49,11,0,51,59,61,70,62,122
1,0,9,43,1,4,52,12,0,57,52,56,64,69,122
0,0,10,48,1,3,51,9,0,54,58,61,67,63,122
1,0,7,51,1,2,49,12,0,52,58,60,70,64,123
1,0,11,43,1,1,51,13,0,53,54,55,67,66,121
1,0,6,49,0,3,53,10,0,57,55,58,65,67,122
0,0,8,43,0,3,54,13,0,57,51,54,64,70,121
1,0,8,46,0,2,56,8,0,59,54,56,62,67,121
1,0,9,48,1,2,49,13,0,52,57,59,70,65,123
1,0,9,50,0,2,49,10,0,52,59,61,69,62,121
1,0,8,45,1,5,50,14,0,56,53,58,67,70,124
1,0,0,54,1,4,53,11,0,58,54,58,65,69,124
1,0,7,51,1,4,50,10,0,55,58,62,68,65,124
1,0,6,45,0,3,56,11,0,60,51,54,62,71,122
1,0,8,46,0,2,51,13,0,54,54,56,67,67,121
1,0,8,49,0,3,51,10,0,55,57,60,67,65,122
1,0,9,51,0,2,45,12,0,48,60,62,72,60,120
1,0,8,47,1,2,47,14,0,50,55,57,69,64,120
4,0,10,39,0,3,57,9,0,64,49,52,58,73,122
1,0,10,48,0,4,48,12,0,53,58,62,70,65,123
2,0,6,53,0,4,46,10,0,52,59,63,69,62,121
0,0,7,50,0,3,52,9,0,55,57,60,66,64,121
1,0,10,45,1,3,52,11,0,56,55,58,66,67,123
1,0,9,45,0,4,54,10,0,59,54,58,64,69,123
1,0,6,47,0,6,52,14,0,59,53,59,67,73,126
0,0,9,47,0,3,53,8,0,56,56,59,64,64,120
1,0,9,43,0,2,51,15,0,54,52,54,67,69,121
0,0,8,47,1,2,55,9,0,57,55,57,64,66,122
1,0,8,49,1,4,48,12,0,53,57,61,69,65,123
1,0,7,46,1,3,53,13,0,57,53,56,66,70,124
1,0,7,49,1,3,50,11,0,54,56,59,67,65,122
1,0,8,48,1,3,51,9,0,55,56,59,65,64,121
3,0,8,44,0,1,55,10,0,59,52,53,62,69,121
1,0,11,42,1,1,55,11,0,57,53,54,64,68,122
1,0,8,49,0,5,51,9,0,57,57,62,66,66,123
1,0,7,49,1,3,50,12,0,54,56,59,68,66,123
1,0,7,45,1,3,54,10,0,58,52,55,62,68,121
1,0,10,44,1,5,54,11,0,60,54,59,65,71,126
0,0,8,44,0,2,55,12,0,57,52,54,64,69,121
1,0,9,47,0,4,47,15,0,52,56,60,71,67,123
1,0,12,44,1,2,48,13,0,51,56,58,69,64,121
0,0,8,47,0,3,47,15,0,50,55,58,70,65,120
1,0,8,45,0,2,55,11,0,58,53,55,64,69,122
1,0,8,47,1,3,49,14,0,53,55,58,69,67,123
1,0,13,45,1,3,48,12,0,52,58,61,70,64,123
1,0,11,47,1,4,46,13,0,51,58,62,71,64,123
1,0,7,52,0,3,49,9,0,53,59,62,68,62,121
1,0,8,47,0,6,52,11,0,59,55,61,66,70,125
1,0,10,45,1,4,50,12,0,55,55,59,67,67,123
1,0,6,50,0,5,49,10,0,55,56,61,66,65,121
0,0,7,49,1,3,51,10,0,54,56,59,66,64,121
1,0,7,48,1,5,52,11,0,58,55,60,66,69,125
1,0,7,51,0,3,48,10,0,52,58,61,68,62,120
1,0,9,42,1,2,54,11,0,57,51,53,62,68,120
0,0,8,56,0,4,44,10,0,48,64,68,74,58,122
1,0,10,43,0,4,55,9,0,60,53,57,62,69,122
1,0,8,47,1,4,50,11,0,55,55,59,66,66,122
1,0,10,43,0,5,52,13,0,58,53,58,66,71,124
1,0,7,52,0,5,48,11,0,54,59,64,70,65,124
1,0,6,52,1,5,51,9,0,57,58,63,67,66,125
4,0,7,46,1,3,50,12,0,57,53,56,65,69,123
1,0,0,58,1,3,52,9,0,56,58,61,67,65,124
1,0,10,50,0,3,43,14,0,47,60,63,74,61,121
1,0,0,56,0,7,48,8,0,56,56,63,64,64,120
1,0,8,48,0,1,47,16,0,49,56,57,72,65,121
0,0,7,46,1,3,53,13,0,56,53,56,66,69,123
1,0,8,42,1,2,57,11,0,60,50,52,61,71,122
1,0,11,46,1,2,45,16,0,48,57,59,73,64,122
1,0,8,50,0,5,49,9,0,55,58,63,67,64,122
2,0,9,49,1,4,50,8,0,56,58,62,66,64,123
0,0,8,48,1,2,53,9,0,55,56,58,65,64,121
1,0,0,48,1,4,61,8,0,66,48,52,56,74,123
0,0,9,46,1,2,52,12,0,54,55,57,67,66,122
1,0,8,47,1,2,51,11,0,54,55,57,66,65,121
1,0,7,44,1,5,51,17,0,57,51,56,68,74,126
0,0,7,49,0,3,47,16,0,50,56,59,72,66,122
1,0,9,46,0,3,50,11,0,54,55,58,66,65,120
1,0,8,45,1,4,55,9,0,60,53,57,62,69,123
1,0,8,51,0,3,47,11,0,51,59,62,70,62,121
1,0,7,50,1,3,50,10,0,54,57,60,67,64,122
1,0,8,48,0,4,49,11,0,54,56,60,67,65,121
1,0,9,48,0,2,52,10,0,55,57,59,67,65,122
4,0,9,43,1,3,51,12,0,58,52,55,64,70,123
0,0,8,47,1,4,51,12,0,55,55,59,67,67,123
2,0,8,45,0,2,53,10,0,57,53,55,63,67,120
2,0,8,47,1,2,53,8,0,57,55,57,63,65,121
1,0,7,48,1,3,47,15,0,51,55,58,70,66,122
1,0,7,50,1,2,52,8,0,55,57,59,65,63,121
0,0,7,51,1,1,48,13,0,49,58,59,71,62,121
1,0,7,49,1,3,52,9,0,56,56,59,65,65,122
1,0,7,47,0,3,52,12,0,56,54,57,66,68,122
1,0,8,45,1,3,54,11,0,58,53,56,64,69,123
1,0,8,43,0,2,56,11,0,59,51,53,62,70,121
1,0,10,44,0,5,49,14,0,55,54,59,68,69,123
1,0,9,47,1,3,52,10,0,56,56,59,66,66,123
2,0,10,47,1,3,48,12,0,53,57,60,69,65,123
1,0,8,45,0,3,57,8,0,61,53,56,61,69,122
1,0,9,48,0,2,50,11,0,53,57,59,68,64,121
3,0,11,45,1,3,49,11,0,55,56,59,67,66,123
1,0,11,46,1,4,47,14,0,52,57,61,71,66,124
0,0,8,48,1,3,53,10,0,56,56,59,66,66,123
1,0,10,49,0,2,47,12,0,50,59,61,71,62,121
1,0,8,49,1,4,49,10,0,54,57,61,67,64,122
1,0,8,49,0,4,50,9,0,55,57,61,66,64,121
4,0,6,49,1,2,47,12,0,53,55,57,67,65,121
1,0,7,48,0,5,53,11,0,59,55,60,66,70,125
1,0,8,46,1,5,49,15,0,55,54,59,69,70,125
2,0,7,50,1,4,52,7,0,58,57,61,64,65,123
1,0,10,43,1,4,50,14,0,55,53,57,67,69,123
1,0,11,43,1,5,50,15,0,56,54,59,69,71,126
1,0,8,45,0,3,54,10,0,58,53,56,63,68,121
1,0,13,45,1,1,50,10,0,52,58,59,68,62,121
0,0,8,48,1,2,54,9,0,56,56,58,65,65,122
1,0,8,44,1,2,53,13,0,56,52,54,65,69,122
2,0,8,50,0,3,49,10,0,54,58,61,68,64,122
1,0,7,47,0,4,50,13,0,55,54,58,67,68,122
2,0,8,42,1,5,53,13,0,60,50,55,63,73,124
1,0,8,53,0,6,44,13,0,51,61,67,74,64,125
0,0,8,50,1,3,52,9,0,55,58,61,67,64,123
1,0,7,52,0,2,49,10,0,52,59,61,69,62,121
1,0,0,54,1,2,53,11,0,56,54,56,65,67,122
3,0,11,45,1,3,52,8,0,58,56,59,64,66,123
1,0,11,43,1,2,53,11,0,56,54,56,65,67,122
1,0,8,48,0,3,51,11,0,55,56,59,67,66,122
1,0,11,46,1,4,47,14,0,52,57,61,71,66,124
1,0,10,48,1,3,49,12,0,53,58,61,70,65,124
1,0,8,48,1,2,49,12,0,52,56,58,68,64,121
2,0,8,48,0,4,50,9,0,56,56,60,65,65,121
1,0,7,52,0,2,48,10,0,51,59,61,69,61,120
1,0,9,45,1,5,51,12,0,57,54,59,66,69,124
1,0,8,45,1,3,53,13,0,57,53,56,66,70,124
0,0,9,49,0,4,52,8,0,56,58,62,66,64,122
1,0,12,45,1,2,49,11,0,52,57,59,68,63,121
3,0,12,42,0,3,50,12,0,56,54,57,66,68,122
1,0,12,44,0,4,53,10,0,58,56,60,66,68,124
1,0,9,50,0,2,49,10,0,52,59,61,69,62,121
1,0,9,47,0,0,53,11,0,54,56,56,67,65,121
3,0,10,43,0,3,48,13,0,54,53,56,66,67,120
2,0,9,41,0,4,53,14,0,59,50,54,64,73,123
2,0,9,42,1,3,55,11,0,60,51,54,62,71,123
1,0,9,47,1,3,52,10,0,56,56,59,66,66,123
4,0,8,46,1,3,52,9,0,59,54,57,63,68,123
0,0,14,45,0,4,50,10,0,54,59,63,69,64,123
1,0,7,52,0,3,48,11,0,52,59,62,70,63,122
1,0,7,46,1,2,57,9,0,60,53,55,62,69,123
0,0,10,45,1,3,54,10,0,57,55,58,65,67,123
1,0,8,45,1,2,54,11,0,57,53,55,64,68,122
1,0,6,53,1,5,50,9,0,56,59,64,68,65,125
1,0,8,50,0,5,46,13,0,52,58,63,71,65,123
0,0,7,49,0,2,53,10,0,55,56,58,66,65,121
1,0,8,47,0,5,53,10,0,59,55,60,65,69,124
1,0,8,45,0,2,55,9,0,58,53,55,62,67,120
2,0,7,49,0,4,50,11,0,56,56,60,67,67,123
1,0,6,48,0,4,53,9,0,58,54,58,63,67,121
0,0,9,51,1,4,45,13,0,49,60,64,73,62,123
1,0,11,44,1,3,52,12,0,56,55,58,67,68,124
1,0,8,49,1,2,51,10,0,54,57,59,67,64,122
1,0,8,48,0,2,48,14,0,51,56,58,70,65,121
1,0,7,51,1,3,48,11,0,52,58,61,69,63,122
1,0,6,51,0,4,50,12,0,55,57,61,69,67,124
2,0,9,48,1,5,48,11,0,55,57,62,68,66,124
1,0,7,49,1,2,51,11,0,54,56,58,67,65,122
1,0,6,47,1,4,52,13,0,57,53,57,66,70,124
1,0,9,46,0,3,49,13,0,53,55,58,68,66,121
2,0,10,51,1,3,48,8,0,53,61,64,69,61,123
1,0,10,48,1,3,49,11,0,53,58,61,69,64,123
1,0,9,49,0,2,50,9,0,53,58,60,67,62,120
0,0,12,42,0,4,52,11,0,56,54,58,65,67,121
1,0,7,57,0,2,46,8,0,49,64,66,72,57,121
1,0,12,49,1,3,44,12,0,48,61,64,73,60,122
1,0,0,52,0,2,55,11,0,58,52,54,63,69,121
1,0,7,44,1,4,57,10,0,62,51,55,61,72,124
1,0,8,45,0,2,54,11,0,57,53,55,64,68,121
1,0,6,51,0,4,47,12,0,52,57,61,69,64,121
1,0,7,50,1,2,50,10,0,53,57,59,67,63,121
1,0,9,48,0,4,52,9,0,57,57,61,66,66,123
1,0,9,47,1,6,55,7,0,62,56,62,63,69,126
1,0,9,48,0,4,50,11,0,55,57,61,68,66,123
1,0,9,42,1,4,53,14,0,58,51,55,65,72,124
1,0,9,47,0,3,50,13,0,54,56,59,69,67,123
2,0,6,48,0,4,55,8,0,61,54,58,62,69,123
1,0,8,48,0,3,52,10,0,56,56,59,66,66,122
1,0,7,49,0,4,51,11,0,56,56,60,67,67,123
1,0,8,49,1,4,53,8,0,58,57,61,65,66,124
1,0,10,48,0,4,49,10,0,54,58,62,68,64,122
2,0,9,47,1,1,47,14,0,50,56,57,70,64,121
0,0,12,46,0,3,49,12,0,52,58,61,70,64,122
1,0,8,46,1,4,56,8,0,61,54,58,62,69,124
1,0,7,51,1,3,51,9,0,55,58,61,67,64,123
1,0,8,49,1,4,52,9,0,57,57,61,66,66,124
1,0,6,47,1,2,55,11,0,58,53,55,64,69,123
1,0,8,45,1,2,54,10,0,57,53,55,63,67,121
0,0,0,57,1,3,52,10,0,55,57,60,67,65,123
1,0,7,47,1,4,49,15,0,54,54,58,69,69,124
1,0,8,45,1,2,53,12,0,56,53,55,65,68,122
0,0,11,40,0,3,55,13,0,58,51,54,64,71,122
1,0,7,46,1,2,54,10,0,57,53,55,63,67,121
1,0,10,41,1,3,52,15,0,56,51,54,66,71,123
1,0,0,49,0,3,55,13,0,59,49,52,62,72,121
1,0,7,48,1,3,48,15,0,52,55,58,70,67,123
1,0,8,53,1,2,47,11,0,50,61,63,72,61,123
1,0,8,48,1,3,52,10,0,56,56,59,66,66,123
2,0,15,41,0,4,47,12,0,53,56,60,68,65,121
1,0,8,46,1,6,51,12,0,58,54,60,66,70,125
1,0,0,56,1,4,45,14,0,50,56,60,70,64,121
0,0,10,42,1,5,53,13,0,58,52,57,65,71,124
1,0,8,48,0,4,50,12,0,55,56,60,68,67,123
0,0,7,47,0,3,52,12,0,55,54,57,66,67,121
1,0,7,55,0,5,44,10,0,50,62,67,72,60,122
0,0,8,48,0,4,51,13,0,55,56,60,69,68,124
2,0,10,48,0,3,50,9,0,55,58,61,67,64,122
1,0,11,43,0,3,52,13,0,56,54,57,67,69,123
1,0,8,43,1,3,55,12,0,59,51,54,63,71,123
1,0,0,56,0,3,51,9,0,55,56,59,65,64,120
1,0,6,51,1,4,45,15,0,50,57,61,72,65,123
1,0,7,47,1,2,52,11,0,55,54,56,65,66,121
0,0,7,47,0,5,50,11,0,55,54,59,65,66,120
1,0,6,54,1,4,45,12,0,50,60,64,72,62,123
1,0,10,50,0,4,42,13,0,47,60,64,73,60,120
1,0,6,49,1,2,50,12,0,53,55,57,67,65,121
2,0,7,46,1,3,54,8,0,59,53,56,61,67,121
2,0,7,48,0,3,53,8,0,58,55,58,63,66,121
2,0,0,50,0,2,56,10,0,60,50,52,60,70,120
1,0,7,47,1,5,49,12,0,55,54,59,66,67,122
2,0,8,44,0,3,53,11,0,58,52,55,63,69,121
0,0,7,48,1,3,51,12,0,54,55,58,67,66,122
1,0,11,45,0,4,52,10,0,57,56,60,66,67,123
1,0,6,53,1,4,49,8,0,54,59,63,67,62,122
1,0,7,54,1,3,46,9,0,50,61,64,70,59,121
1,0,7,46,0,4,51,11,0,56,53,57,64,67,120
1,0,10,42,1,5,53,13,0,59,52,57,65,72,125
1,0,7,48,1,3,52,11,0,56,55,58,66,67,123
5,0,9,46,0,3,52,6,0,60,55,58,61,66,121
0,0,9,47,0,2,52,11,0,54,56,58,67,65,121
1,0,11,48,0,3,46,12,0,50,59,62,71,62,121
1,0,7,47,1,4,48,16,0,53,54,58,70,69,124
1,0,10,47,0,3,53,8,0,57,57,60,65,65,122
1,0,6,53,1,4,48,11,0,53,59,63,70,64,124
0,0,9,46,0,3,50,14,0,53,55,58,69,67,122
1,0,6,47,0,5,51,12,0,57,53,58,65,69,122
1,0,10,47,0,4,52,9,0,57,57,61,66,66,123
1,0,12,47,0,2,51,10,0,54,59,61,69,64,123
1,0,7,50,0,6,46,11,0,53,57,63,68,64,121
0,0,8,44,1,2,56,10,0,58,52,54,62,68,121
4,0,8,45,1,3,52,8,0,59,53,56,61,67,121
0,0,9,47,0,2,52,10,0,54,56,58,66,64,120
0,0,11,48,1,3,50,9,0,53,59,62,68,62,122
1,0,0,51,1,3,56,11,0,60,51,54,62,71,123
0,0,10,46,0,3,49,14,0,52,56,59,70,66,122
0,0,0,54,1,4,56,9,0,60,54,58,63,69,124
1,0,8,44,0,2,59,7,0,62,52,54,59,69,121
1,0,9,47,0,4,51,11,0,56,56,60,67,67,123
0,0,8,48,0,4,50,11,0,54,56,60,67,65,121
1,0,8,43,0,4,57,10,0,62,51,55,61,72,123
1,0,8,48,1,4,48,13,0,53,56,60,69,66,123
0,0,9,45,0,3,48,17,0,51,54,57,71,68,122
1,0,9,44,0,3,53,12,0,57,53,56,65,69,122
1,0,9,46,1,4,52,10,0,57,55,59,65,67,123
1,0,7,52,1,3,49,8,0,53,59,62,67,61,121
1,0,7,47,0,0,54,11,0,55,54,54,65,66,120
0,0,7,47,1,4,50,13,0,54,54,58,67,67,122
1,0,0,49,1,2,51,18,0,54,49,51,67,72,122
0,0,8,51,0,3,46,14,0,49,59,62,73,63,122
1,0,7,48,1,3,52,11,0,56,55,58,66,67,123
1,0,10,43,0,4,52,10,0,57,53,57,63,67,120
1,0,7,49,0,3,50,11,0,54,56,59,67,65,121
1,0,7,52,1,4,47,13,0,52,59,63,72,65,125
2,0,8,44,0,4,50,15,0,56,52,56,67,71,123
0,0,0,51,0,2,57,10,0,59,51,53,61,69,120
1,0,9,44,0,5,49,14,0,55,53,58,67,69,122
1,0,7,45,1,3,51,15,0,55,52,55,67,70,123
1,0,0,59,1,3,49,9,0,53,59,62,68,62,122
0,0,10,46,0,5,51,10,0,56,56,61,66,66,122
1,0,0,55,0,4,51,9,0,56,55,59,64,65,120
1,0,7,50,1,4,54,8,0,59,57,61,65,67,125
5,0,6,40,1,2,56,11,0,63,46,48,57,74,121
1,0,10,50,0,2,46,12,0,49,60,62,72,61,121
1,0,9,47,1,4,50,11,0,55,56,60,67,66,123
1,0,7,48,0,4,52,10,0,57,55,59,65,67,122
1,0,8,48,0,2,50,11,0,53,56,58,67,64,120
1,0,8,49,0,2,51,9,0,54,57,59,66,63,120
2,0,7,46,1,3,51,11,0,56,53,56,64,67,121
2,0,12,39,0,2,55,10,0,59,51,53,61,69,120
3,0,10,43,0,3,55,8,0,61,53,56,61,69,122
1,0,8,46,0,4,51,12,0,56,54,58,66,68,122
0,0,9,51,0,2,48,11,0,50,60,62,71,61,121
1,0,10,46,1,2,51,12,0,54,56,58,68,66,123
1,0,7,49,1,3,51,10,0,55,56,59,66,65,122
1,0,7,48,0,2,53,11,0,56,55,57,66,67,122
2,0,10,40,1,2,55,12,0,59,50,52,62,71,122
1,0,0,55,1,5,49,11,0,55,55,60,66,66,122
2,0,0,52,0,2,56,8,0,60,52,54,60,68,120
1,0,7,48,1,0,51,13,0,52,55,55,68,65,121
2,0,8,46,0,3,50,12,0,55,54,57,66,67,121
0,0,0,54,1,2,52,12,0,54,54,56,66,66,121
1,0,10,49,0,4,49,9,0,54,59,63,68,63,122
0,0,0,57,0,2,50,11,0,52,57,59,68,63,120
1,0,9,50,1,0,53,8,0,54,59,59,67,62,122
1,0,9,48,0,4,50,10,0,55,57,61,67,65,122
1,0,0,49,0,4,52,17,0,57,49,53,66,74,123
1,0,7,47,0,2,58,5,0,61,54,56,59,66,120
1,0,10,45,0,4,51,11,0,56,55,59,66,67,122
1,0,8,46,1,3,50,13,0,54,54,57,67,67,122
1,0,11,46,0,2,50,10,0,53,57,59,67,63,120
1,0,8,45,1,3,48,16,0,52,53,56,69,68,122
1,0,8,52,0,2,45,15,0,48,60,62,75,63,123
2,0,12,42,0,3,54,9,0,59,54,57,63,68,122
1,0,9,46,1,3,53,9,0,57,55,58,64,66,122
2,0,9,42,0,5,54,12,0,61,51,56,63,73,124
1,0,8,52,0,4,50,9,0,55,60,64,69,64,124
1,0,7,47,1,5,46,13,0,52,54,59,67,65,120
1,0,0,55,1,4,50,10,0,55,55,59,65,65,121
1,0,8,51,0,3,47,10,0,51,59,62,69,61,120
1,0,8,45,0,5,56,7,0,62,53,58,60,69,122
1,0,9,44,1,3,53,12,0,57,53,56,65,69,123
1,0,7,47,0,2,52,11,0,55,54,56,65,66,120
1,0,9,43,0,4,50,16,0,55,52,56,68,71,123
1,0,0,49,0,3,59,11,0,63,49,52,60,74,123
1,0,8,50,0,3,49,10,0,53,58,61,68,63,121
1,0,8,41,1,3,56,13,0,60,49,52,62,73,123
1,0,9,41,1,2,55,12,0,58,50,52,62,70,121
1,0,9,51,1,1,48,10,0,50,60,61,70,60,121
1,0,9,45,0,3,50,13,0,54,54,57,67,67,121
2,0,11,44,1,3,53,7,0,58,55,58,62,65,121
1,0,13,39,0,2,55,12,0,58,52,54,64,70,122
1,0,9,44,0,3,53,10,0,57,53,56,63,67,120
0,0,8,47,1,4,49,13,0,53,55,59,68,66,122
1,0,8,51,0,3,49,10,0,53,59,62,69,63,122
1,0,7,48,0,2,55,7,0,58,55,57,62,65,120
3,0,9,46,1,3,48,12,0,54,55,58,67,66,122
2,0,8,51,0,4,46,11,0,52,59,63,70,63,122
0,0,7,48,1,2,52,11,0,54,55,57,66,65,121
1,0,7,51,0,3,52,9,0,56,58,61,67,65,123
1,0,9,46,1,4,53,10,0,58,55,59,65,68,124
1,0,8,50,1,3,48,12,0,52,58,61,70,64,123
1,0,10,45,0,3,49,14,0,53,55,58,69,67,122
0,0,8,48,1,3,53,10,0,56,56,59,66,66,123
1,0,10,40,1,2,56,11,0,59,50,52,61,70,121
1,0,7,47,0,2,55,9,0,58,54,56,63,67,121
0,0,13,44,0,2,51,11,0,53,57,59,68,64,121
1,0,7,50,0,4,46,14,0,51,57,61,71,65,122
1,0,8,47,0,2,53,10,0,56,55,57,65,66,121
1,0,10,43,1,2,54,11,0,57,53,55,64,68,122
1,0,0,51,0,5,52,15,0,58,51,56,66,73,124
1,0,10,47,1,3,53,7,0,57,57,60,64,64,122
1,0,9,52,1,3,47,10,0,51,61,64,71,61,123
1,0,12,46,0,3,51,8,0,55,58,61,66,63,121
1,0,9,48,1,2,52,8,0,55,57,59,65,63,121
2,0,7,48,0,3,52,10,0,57,55,58,65,67,122
1,0,10,41,0,3,55,13,0,59,51,54,64,72,123
1,0,9,50,0,0,49,11,0,50,59,59,70,61,120
0,0,9,44,1,0,60,7,0,60,53,53,60,67,121
1,0,0,55,0,2,54,9,0,57,55,57,64,66,121
1,0,8,44,0,4,57,8,0,62,52,56,60,70,122
1,0,0,58,1,3,50,10,0,54,58,61,68,64,123
1,0,11,41,0,4,54,12,0,59,52,56,64,71,123
1,0,9,46,1,4,54,7,0,59,55,59,62,66,122
1,0,9,45,0,3,51,12,0,55,54,57,66,67,121
2,0,10,46,1,4,49,12,0,55,56,60,68,67,124
0,0,7,47,1,3,52,11,0,55,54,57,65,66,121
0,0,10,45,1,3,54,10,0,57,55,58,65,67,123
0,0,9,49,1,2,49,12,0,51,58,60,70,63,122
1,0,10,46,1,3,50,12,0,54,56,59,68,66,123
1,0,7,46,1,3,50,13,0,54,53,56,66,67,121
1,0,9,42,1,2,50,17,0,53,51,53,68,70,122
5,0,9,42,1,3,49,12,0,57,51,54,63,69,121
2,0,8,48,0,6,50,10,0,58,56,62,66,68,124
0,0,6,53,0,2,50,9,0,52,59,61,68,61,120
1,0,9,46,0,4,49,13,0,54,55,59,68,67,122
1,0,8,50,1,2,46,13,0,49,58,60,71,62,121
1,0,8,49,1,3,46,15,0,50,57,60,72,65,123
1,0,9,46,1,2,49,14,0,52,55,57,69,66,122
1,0,8,48,1,4,51,10,0,56,56,60,66,66,123
1,0,9,43,1,4,56,10,0,61,52,56,62,71,124
0,0,8,47,0,2,54,10,0,56,55,57,65,66,121
1,0,9,46,1,3,49,11,0,53,55,58,66,64,120
1,0,6,53,1,2,51,8,0,54,59,61,67,62,122
1,0,10,47,0,2,53,8,0,56,57,59,65,64,121
1,0,11,41,1,5,54,12,0,60,52,57,64,72,125
1,0,7,51,0,3,52,8,0,56,58,61,66,64,122
0,0,7,49,0,3,52,9,0,55,56,59,65,64,120
0,0,6,54,1,3,47,11,0,50,60,63,71,61,122
0,0,9,46,0,3,52,12,0,55,55,58,67,67,122
1,0,7,46,1,3,57,7,0,61,53,56,60,68,122
1,0,7,42,0,3,54,13,0,58,49,52,62,71,120
1,0,8,44,1,3,55,12,0,59,52,55,64,71,124
0,0,7,51,1,3,51,10,0,54,58,61,68,64,123
1,0,11,45,1,3,50,12,0,54,56,59,68,66,123
1,0,10,45,1,1,53,10,0,55,55,56,65,65,121
1,0,7,50,0,3,46,14,0,50,57,60,71,64,121
0,0,7,47,1,2,55,10,0,57,54,56,64,67,122
0,0,7,46,1,1,53,13,0,54,53,54,66,67,121
1,0,0,53,1,2,55,10,0,58,53,55,63,68,122
0,0,12,45,1,3,53,9,0,56,57,60,66,65,123
1,0,7,49,0,3,47,13,0,51,56,59,69,64,120
1,0,10,42,1,2,50,16,0,53,52,54,68,69,122
1,0,7,47,0,3,55,8,0,59,54,57,62,67,121
1,0,7,48,0,3,51,13,0,55,55,58,68,68,123
1,0,0,51,0,4,51,14,0,56,51,55,65,70,121
0,0,7,47,1,3,54,9,0,57,54,57,63,66,121
0,0,8,49,1,2,50,12,0,52,57,59,69,64,122
1,0,7,49,1,2,51,12,0,54,56,58,68,66,123
1,0,10,47,0,2,50,11,0,53,57,59,68,64,121
1,0,8,48,0,2,52,9,0,55,56,58,65,64,120
1,0,8,46,1,3,53,10,0,57,54,57,64,67,122
1,0,0,57,0,2,50,11,0,53,57,59,68,64,121
0,0,8,47,1,2,49,14,0,51,55,57,69,65,121
1,0,7,46,1,3,54,10,0,58,53,56,63,68,122
1,0,7,51,1,4,51,8,0,56,58,62,66,64,123
2,0,12,46,0,4,48,11,0,54,58,62,69,65,123
2,0,10,45,0,4,50,12,0,56,55,59,67,68,123
1,0,0,53,0,2,53,11,0,56,53,55,64,67,120
1,0,7,42,1,5,54,11,0,60,49,54,60,71,121
1,0,8,47,1,2,52,11,0,55,55,57,66,66,122
1,0,7,49,0,3,53,9,0,57,56,59,65,66,122
1,0,7,46,0,3,57,8,0,61,53,56,61,69,122
0,0,0,48,0,4,60,11,0,64,48,52,59,75,123
0,0,8,46,1,2,51,14,0,53,54,56,68,67,122
1,0,9,42,0,4,56,9,0,61,51,55,60,70,121
1,0,0,51,0,3,57,10,0,61,51,54,61,71,122
1,0,0,51,0,3,56,11,0,60,51,54,62,71,122
1,0,11,41,1,5,53,13,0,59,52,57,65,72,125
1,0,9,49,1,3,49,10,0,53,58,61,68,63,122
1,0,7,45,1,2,55,9,0,58,52,54,61,67,120
3,0,9,44,0,2,53,10,0,58,53,55,63,68,121
1,0,8,46,0,4,53,12,0,58,54,58,66,70,124
1,0,8,50,1,4,51,9,0,56,58,62,67,65,124
1,0,8,49,1,4,54,8,0,59,57,61,65,67,125
1,0,10,46,1,3,51,10,0,55,56,59,66,65,122
0,0,10,43,0,3,55,11,0,58,53,56,64,69,122
0,0,7,48,0,3,53,11,0,56,55,58,66,67,122
1,0,10,44,0,3,50,15,0,54,54,57,69,69,123
2,0,6,46,0,5,55,7,0,62,52,57,59,69,121
0,0,0,54,1,4,54,11,0,58,54,58,65,69,124
2,0,10,46,0,4,50,11,0,56,56,60,67,67,123
1,0,8,48,0,3,51,12,0,55,56,59,68,67,123
1,0,0,57,0,4,49,9,0,54,57,61,66,63,120
1,0,10,44,1,3,52,13,0,56,54,57,67,69,124
0,0,10,45,1,4,51,12,0,55,55,59,67,67,123
1,0,8,47,0,3,48,14,0,52,55,58,69,66,121
1,0,8,48,1,3,50,11,0,54,56,59,67,65,122
1,0,9,47,0,5,48,11,0,54,56,61,67,65,121
0,0,9,47,1,2,52,11,0,54,56,58,67,65,122
1,0,9,43,1,4,57,8,0,62,52,56,60,70,123
1,0,7,52,0,3,50,9,0,54,59,62,68,63,122
2,0,13,41,1,4,47,15,0,53,54,58,69,68,123
1,0,8,42,0,3,57,11,0,61,50,53,61,72,122
1,0,8,49,1,5,51,10,0,57,57,62,67,67,125
1,0,11,41,0,5,54,13,0,60,52,57,65,73,125
1,0,0,53,1,2,52,13,0,55,53,55,66,68,122
0,0,13,43,1,2,51,12,0,53,56,58,68,65,122
1,0,0,51,1,2,57,10,0,60,51,53,61,70,122
1,0,6,52,1,3,47,13,0,51,58,61,71,64,123
1,0,6,44,1,2,57,10,0,60,50,52,60,70,121
1,0,7,48,1,4,49,14,0,54,55,59,69,68,124
1,0,7,50,1,5,46,12,0,52,57,62,69,64,122
0,0,9,49,1,3,48,13,0,51,58,61,71,64,123
2,0,0,52,0,3,52,11,0,57,52,55,63,68,120
1,0,10,45,0,3,55,7,0,59,55,58,62,66,121
1,0,8,48,1,3,51,10,0,55,56,59,66,65,122
1,0,8,49,0,2,49,11,0,52,57,59,68,63,120
1,0,6,50,1,4,47,15,0,52,56,60,71,67,124
2,0,8,47,0,2,49,13,0,53,55,57,68,66,121
0,0,7,46,1,3,54,11,0,57,53,56,64,68,122
1,0,7,51,0,3,48,13,0,52,58,61,71,65,123
1,0,7,49,1,5,51,11,0,57,56,61,67,68,125
2,0,11,35,2,3,52,17,0,57,46,49,63,74,122
1,0,12,44,0,3,54,8,0,58,56,59,64,66,122
1,0,10,43,1,3,56,9,0,60,53,56,62,69,123
1,0,8,44,0,5,54,13,0,60,52,57,65,73,125
1,0,9,45,0,2,52,11,0,55,54,56,65,66,120
0,0,8,44,1,3,53,12,0,56,52,55,64,68,121
1,0,0,52,0,2,57,9,0,60,52,54,61,69,121
0,0,7,54,1,4,46,9,0,50,61,65,70,59,121
0,0,12,47,0,3,48,11,0,51,59,62,70,62,121
1,0,7,50,1,2,47,13,0,50,57,59,70,63,121
2,0,7,48,0,3,49,11,0,54,55,58,66,65,120
1,0,10,45,0,3,53,9,0,57,55,58,64,66,121
1,0,9,52,0,5,49,8,0,55,61,66,69,63,124
1,0,8,47,1,2,53,10,0,56,55,57,65,66,122
1,0,7,44,1,2,51,15,0,54,51,53,66,69,121
1,0,7,50,0,3,51,11,0,55,57,60,68,66,123
2,0,8,46,0,3,49,13,0,54,54,57,67,67,121
1,0,9,46,1,5,53,10,0,59,55,60,65,69,125
1,0,7,44,1,3,56,10,0,60,51,54,61,70,122
0,0,7,48,0,4,56,7,0,60,55,59,62,67,122
1,0,8,52,1,3,46,10,0,50,60,63,70,60,121
3,0,10,47,1,6,51,8,0,60,57,63,65,68,126
1,0,7,52,0,4,51,8,0,56,59,63,67,64,123
1,0,7,49,0,4,54,8,0,59,56,60,64,67,123
0,0,8,47,1,2,53,11,0,55,55,57,66,66,122
1,0,7,46,0,2,58,7,0,61,53,55,60,68,121
0,0,7,49,0,4,49,14,0,53,56,60,70,67,123
1,0,0,48,0,2,58,11,0,61,48,50,59,72,120
2,0,10,47,0,5,50,9,0,57,57,62,66,66,123
1,0,6,54,1,3,43,14,0,47,60,63,74,61,122
2,0,10,44,0,4,51,12,0,57,54,58,66,69,123
1,0,8,45,0,2,52,13,0,55,53,55,66,68,121
1,0,8,42,1,3,50,19,0,54,50,53,69,73,124
1,0,9,46,0,5,50,12,0,56,55,60,67,68,123
0,0,8,45,0,2,56,9,0,58,53,55,62,67,120
0,0,9,49,0,3,52,9,0,55,58,61,67,64,122
1,0,10,48,1,0,50,11,0,51,58,58,69,62,121
1,0,6,50,1,4,52,9,0,57,56,60,65,66,123
1,0,7,47,0,4,54,9,0,59,54,58,63,68,122
0,0,9,46,1,3,53,11,0,56,55,58,66,67,123
1,0,6,49,1,5,52,11,0,58,55,60,66,69,125
2,0,7,48,1,2,51,11,0,55,55,57,66,66,122
0,0,9,48,1,3,51,11,0,54,57,60,68,65,123
3,0,8,47,0,2,50,11,0,55,55,57,66,66,121
1,0,8,49,1,3,47,13,0,51,57,60,70,64,122
1,0,0,52,1,2,56,9,0,59,52,54,61,68,121
1,0,0,53,1,3,54,10,0,58,53,56,63,68,122
0,0,7,49,1,6,53,9,0,59,56,62,65,68,125
2,0,9,43,1,4,53,10,0,59,52,56,62,69,122
1,0,9,42,1,3,51,14,0,55,51,54,65,69,121
1,0,8,43,0,4,55,12,0,60,51,55,63,72,123
0,0,7,50,0,3,49,11,0,52,57,60,68,63,120
1,0,8,50,0,4,50,10,0,55,58,62,68,65,123
1,0,6,50,0,4,48,11,0,53,56,60,67,64,120
1,0,7,49,0,3,51,11,0,55,56,59,67,66,122
0,0,7,48,0,4,50,12,0,54,55,59,67,66,121
1,0,9,48,1,4,49,12,0,54,57,61,69,66,124
1,0,15,44,1,2,45,12,0,48,59,61,71,60,120
0,0,10,48,1,3,49,11,0,52,58,61,69,63,122
1,0,0,50,1,3,54,13,0,58,50,53,63,71,122
1,0,8,45,1,2,54,11,0,57,53,55,64,68,122
1,0,8,49,1,3,45,15,0,49,57,60,72,64,122
0,0,7,51,0,3,50,11,0,53,58,61,69,64,122
1,0,9,48,1,4,48,13,0,53,57,61,70,66,124
3,0,12,36,1,4,57,10,0,64,48,52,58,74,123
1,0,11,49,1,3,47,12,0,51,60,63,72,63,124
1,0,6,47,1,3,51,13,0,55,53,56,66,68,122
0,0,8,45,1,2,50,14,0,52,53,55,67,66,120
2,0,7,43,1,3,56,11,0,61,50,53,61,72,123
1,0,10,49,1,4,49,10,0,54,59,63,69,64,124
0,0,8,51,1,3,50,10,0,53,59,62,69,63,123
2,0,9,44,1,5,52,11,0,59,53,58,64,70,124
1,0,8,45,1,2,50,15,0,53,53,55,68,68,122
1,0,10,44,0,4,53,11,0,58,54,58,65,69,123
1,0,7,55,0,3,48,9,0,52,62,65,71,61,123
1,0,7,46,0,3,51,15,0,55,53,56,68,70,123
0,0,9,44,1,2,51,14,0,53,53,55,67,67,121
1,0,6,48,1,5,47,18,0,53,54,59,72,71,126
0,0,13,39,0,4,55,12,0,59,52,56,64,71,123
1,0,8,43,0,2,54,13,0,57,51,53,64,70,121
1,0,9,45,1,4,50,13,0,55,54,58,67,68,123
0,0,10,48,1,4,48,13,0,52,58,62,71,65,124
0,0,10,47,1,2,50,12,0,52,57,59,69,64,122
1,0,9,48,0,4,47,14,0,52,57,61,71,66,123
0,0,9,44,1,3,55,9,0,58,53,56,62,67,121
0,0,7,56,0,2,47,8,0,49,63,65,71,57,120
2,0,8,48,1,3,51,10,0,56,56,59,66,66,123
1,0,10,47,0,4,49,10,0,54,57,61,67,64,121
0,0,0,51,0,4,55,13,0,59,51,55,64,72,123
1,0,9,40,0,4,59,9,0,64,49,53,58,73,122
0,0,9,47,0,0,54,10,0,54,56,56,66,64,120
1,0,7,48,1,4,53,11,0,58,55,59,66,69,125
1,0,7,46,0,3,53,11,0,57,53,56,64,68,121
1,0,9,44,1,4,50,16,0,55,53,57,69,71,125
1,0,7,45,0,2,54,13,0,57,52,54,65,70,122
1,0,8,48,0,4,50,12,0,55,56,60,68,67,123
0,0,9,43,0,2,53,14,0,55,52,54,66,69,121
0,0,8,47,1,4,49,14,0,53,55,59,69,67,123
0,0,7,47,1,2,56,9,0,58,54,56,63,67,122
1,0,10,44,0,2,54,10,0,57,54,56,64,67,121
1,0,7,44,0,3,54,13,0,58,51,54,64,71,122
1,0,7,45,0,3,51,15,0,55,52,55,67,70,122
0,0,10,46,1,2,49,14,0,51,56,58,70,65,122
1,0,9,48,0,4,49,13,0,54,57,61,70,67,124
1,0,0,53,1,3,53,11,0,57,53,56,64,68,122
2,0,8,47,0,4,50,10,0,56,55,59,65,66,121
1,0,11,47,1,4,49,10,0,54,58,62,68,64,123
1,0,10,45,1,3,54,7,0,58,55,58,62,65,121
1,0,9,45,0,2,52,12,0,55,54,56,66,67,121
0,0,7,48,0,2,51,12,0,53,55,57,67,65,120
1,0,8,51,1,3,49,10,0,53,59,62,69,63,123
1,0,8,45,0,3,56,10,0,60,53,56,63,70,123
1,0,8,47,0,3,47,15,0,51,55,58,70,66,121
5,0,9,44,1,4,51,10,0,60,53,57,63,70,124
1,0,12,43,0,4,49,14,0,54,55,59,69,68,123
1,0,7,51,0,3,47,12,0,51,58,61,70,63,121
2,0,11,47,0,3,50,9,0,55,58,61,67,64,122
3,0,9,43,1,5,52,12,0,60,52,57,64,72,125
1,0,10,46,1,4,48,11,0,53,56,60,67,64,121
1,0,11,45,1,2,52,9,0,55,56,58,65,64,121
0,0,9,49,0,0,53,9,0,53,58,58,67,62,120
1,0,7,47,0,4,55,10,0,60,54,58,64,70,124
1,0,7,49,0,2,51,10,0,54,56,58,66,64,120
1,0,11,43,0,5,54,9,0,60,54,59,63,69,123
1,0,9,44,0,3,52,12,0,56,53,56,65,68,121
4,0,10,45,1,3,50,10,0,57,55,58,65,67,123
1,0,7,49,1,3,51,11,0,55,56,59,67,66,123
1,0,9,47,0,2,50,11,0,53,56,58,67,64,120
1,0,9,45,0,2,54,11,0,57,54,56,65,68,122
1,0,7,52,0,2,49,10,0,52,59,61,69,62,121
1,0,7,51,0,2,49,10,0,52,58,60,68,62,120
1,0,8,45,0,4,55,11,0,60,53,57,64,71,124
1,0,7,49,0,3,51,11,0,55,56,59,67,66,122
0,0,10,47,1,3,48,14,0,51,57,60,71,65,123
1,0,10,45,0,3,54,9,0,58,55,58,64,67,122
1,0,7,45,0,3,54,11,0,58,52,55,63,69,121
1,0,9,44,1,3,47,18,0,51,53,56,71,69,123
1,0,11,40,1,5,55,11,0,61,51,56,62,72,124
1,0,7,45,0,5,54,12,0,60,52,57,64,72,124
0,0,9,44,0,3,58,8,0,61,53,56,61,69,122
1,0,7,49,1,4,50,10,0,55,56,60,66,65,122
1,0,8,51,0,4,46,14,0,51,59,63,73,65,124
1,0,8,53,0,4,49,8,0,54,61,65,69,62,123
1,0,12,42,1,2,51,13,0,54,54,56,67,67,122
0,0,9,44,1,3,57,8,0,60,53,56,61,68,122
1,0,8,48,0,6,46,11,0,53,56,62,67,64,120
2,0,7,47,1,3,51,10,0,56,54,57,64,66,121
2,0,7,43,0,2,54,12,0,58,50,52,62,70,120
0,0,7,49,0,3,54,10,0,57,56,59,66,67,123
1,0,0,53,1,2,55,9,0,58,53,55,62,67,121
1,0,11,43,0,2,55,9,0,58,54,56,63,67,121
2,0,7,49,0,2,52,8,0,56,56,58,64,64,120
1,0,6,48,1,3,53,11,0,57,54,57,65,68,123
1,0,8,49,1,4,49,10,0,54,57,61,67,64,122
1,0,6,48,1,3,55,8,0,59,54,57,62,67,122
1,0,9,48,1,2,52,10,0,55,57,59,67,65,123
1,0,7,49,0,5,51,11,0,57,56,61,67,68,124
1,0,7,45,1,5,54,13,0,60,52,57,65,73,126
2,0,10,47,1,5,49,11,0,56,57,62,68,67,125
2,0,10,43,1,4,54,9,0,60,53,57,62,69,123
1,0,8,44,0,4,51,15,0,56,52,56,67,71,123
0,0,8,47,1,4,55,10,0,59,55,59,65,69,125
1,0,8,55,1,2,44,12,0,47,63,65,75,59,123
1,0,0,53,0,2,51,15,0,54,53,55,68,69,122
1,0,11,45,0,2,51,12,0,54,56,58,68,66,122
1,0,8,45,0,2,50,15,0,53,53,55,68,68,121
1,0,7,47,1,3,53,9,0,57,54,57,63,66,121
1,0,8,48,1,3,52,10,0,56,56,59,66,66,123
0,0,7,50,1,3,50,11,0,53,57,60,68,64,122
0,0,7,54,1,4,49,8,0,53,61,65,69,61,123
0,0,9,44,1,3,55,10,0,58,53,56,63,68,122
1,0,7,49,1,3,49,13,0,53,56,59,69,66,123
0,0,8,50,0,2,52,9,0,54,58,60,67,63,121
2,0,10,42,1,2,52,12,0,56,52,54,64,68,121
2,0,9,45,1,5,54,9,0,61,54,59,63,70,125
1,0,0,51,0,3,55,11,0,59,51,54,62,70,121
1,0,10,42,1,3,56,9,0,60,52,55,61,69,122
1,0,11,43,1,2,55,8,0,58,54,56,62,66,121
0,0,7,47,0,1,54,11,0,55,54,55,65,66,120
3,0,8,44,1,3,55,8,0,61,52,55,60,69,122
1,0,7,48,1,3,52,10,0,56,55,58,65,66,122
1,0,6,50,0,5,53,10,0,59,56,61,66,69,125
1,0,11,45,1,3,52,10,0,56,56,59,66,66,123
0,0,9,49,0,2,49,11,0,51,58,60,69,62,120
1,0,12,44,0,2,51,12,0,54,56,58,68,66,122
1,0,7,50,1,3,50,10,0,54,57,60,67,64,122
1,0,8,48,1,3,53,8,0,57,56,59,64,65,122
1,0,6,54,0,3,48,9,0,52,60,63,69,61,121
3,0,9,46,1,2,53,8,0,58,55,57,63,66,122
1,0,9,47,0,2,52,10,0,55,56,58,66,65,121
1,0,9,48,1,3,52,8,0,56,57,60,65,64,122
1,0,0,50,1,4,57,8,0,62,50,54,58,70,121
1,0,8,46,0,4,53,11,0,58,54,58,65,69,123
1,0,7,45,0,5,54,12,0,60,52,57,64,72,124
0,0,10,45,0,4,53,11,0,57,55,59,66,68,123
0,0,6,50,1,2,51,11,0,53,56,58,67,64,121
1,0,6,53,0,3,47,11,0,51,59,62,70,62,121
2,0,7,48,1,3,55,6,0,60,55,58,61,66,122
1,0,7,48,1,3,54,10,0,58,55,58,65,68,124
1,0,9,48,0,3,47,14,0,51,57,60,71,65,122
2,0,9,45,0,3,50,12,0,55,54,57,66,67,121
0,0,6,49,0,3,54,9,0,57,55,58,64,66,121
1,0,10,44,1,3,52,11,0,56,54,57,65,67,122
1,0,6,48,0,3,53,12,0,57,54,57,66,69,123
1,0,9,45,0,3,48,17,0,52,54,57,71,69,123
3,0,6,53,0,3,49,7,0,55,59,62,66,62,121
0,0,9,50,1,2,51,9,0,53,59,61,68,62,122
1,0,10,48,0,5,50,10,0,56,58,63,68,66,124
1,0,9,47,1,5,53,10,0,59,56,61,66,69,126
1,0,9,47,0,3,53,10,0,57,56,59,66,67,123
1,0,7,46,1,4,52,12,0,57,53,57,65,69,123
1,0,7,48,0,4,50,12,0,55,55,59,67,67,122
0,0,9,46,1,3,52,10,0,55,55,58,65,65,121
0,0,0,53,1,3,54,11,0,57,53,56,64,68,122
1,0,10,48,1,4,49,11,0,54,58,62,69,65,124
2,0,9,45,1,4,50,13,0,56,54,58,67,69,124
1,0,0,57,0,3,46,13,0,50,57,60,70,63,120
1,0,9,44,0,3,54,10,0,58,53,56,63,68,121
2,0,8,50,0,5,46,11,0,53,58,63,69,64,122
1,0,7,48,0,3,54,9,0,58,55,58,64,67,122
1,0,7,47,0,3,53,11,0,57,54,57,65,68,122
1,0,8,50,1,4,48,10,0,53,58,62,68,63,122
5,0,8,44,1,4,53,9,0,62,52,56,61,71,124
1,0,9,45,1,3,51,12,0,55,54,57,66,67,122
1,0,7,52,1,3,49,8,0,53,59,62,67,61,121
0,0,9,47,0,4,54,9,0,58,56,60,65,67,123
0,0,12,47,0,5,50,10,0,55,59,64,69,65,124
1,0,7,46,0,5,52,13,0,58,53,58,66,71,124
1,0,8,44,1,1,52,14,0,54,52,53,66,68,121
1,0,8,53,0,3,44,13,0,48,61,64,74,61,122
1,0,8,48,1,3,55,7,0,59,56,59,63,66,123
0,0,8,48,1,2,52,11,0,54,56,58,67,65,122
1,0,8,50,0,3,50,10,0,54,58,61,68,64,122
1,0,11,45,0,2,52,10,0,55,56,58,66,65,121
1,0,8,51,1,5,46,13,0,52,59,64,72,65,125
1,0,0,50,1,2,49,19,0,52,50,52,69,71,122
1,0,7,47,1,4,52,9,0,57,54,58,63,66,121
1,0,7,47,1,2,50,14,0,53,54,56,68,67,122
1,0,7,50,0,4,51,11,0,56,57,61,68,67,124
0,0,8,43,1,5,56,11,0,61,51,56,62,72,124
1,0,9,44,1,2,54,11,0,57,53,55,64,68,122
2,0,6,47,0,4,56,6,0,62,53,57,59,68,121
0,0,9,47,0,4,51,10,0,55,56,60,66,65,121
3,0,9,45,0,3,52,9,0,58,54,57,63,67,121
1,0,7,48,1,4,51,11,0,56,55,59,66,67,123
1,0,8,46,0,6,53,11,0,60,54,60,65,71,125
1,0,9,45,0,2,51,13,0,54,54,56,67,67,121
1,0,8,52,0,3,47,12,0,51,60,63,72,63,123
1,0,9,44,0,3,53,13,0,57,53,56,66,70,123
1,0,8,48,0,2,51,11,0,54,56,58,67,65,121
0,0,8,45,1,3,54,11,0,57,53,56,64,68,122
1,0,8,47,1,4,54,9,0,59,55,59,64,68,124
1,0,7,50,0,3,51,9,0,55,57,60,66,64,121
0,0,0,55,1,3,55,8,0,58,55,58,63,66,122
1,0,9,45,0,3,52,12,0,56,54,57,66,68,122
0,0,11,48,1,4,48,11,0,52,59,63,70,63,123
0,0,0,53,1,2,57,8,0,59,53,55,61,67,121
1,0,8,50,1,3,46,12,0,50,58,61,70,62,121
1,0,9,47,1,4,48,15,0,53,56,60,71,68,125
1,0,11,43,1,2,55,9,0,58,54,56,63,67,122
1,0,8,51,2,4,47,10,0,52,59,63,69,62,123
0,0,10,46,0,3,54,9,0,57,56,59,65,66,122
1,0,10,45,1,4,51,12,0,56,55,59,67,68,124
1,0,9,42,1,3,58,9,0,62,51,54,60,71,123
1,0,7,51,0,4,52,8,0,57,58,62,66,65,123
2,0,9,46,1,3,53,9,0,58,55,58,64,67,123
0,0,7,52,0,2,47,12,0,49,59,61,71,61,120
1,0,7,50,1,5,49,12,0,55,57,62,69,67,125
1,0,10,49,0,3,46,14,0,50,59,62,73,64,123
1,0,0,53,1,3,53,12,0,57,53,56,65,69,123
0,0,7,50,1,2,50,11,0,52,57,59,68,63,121
1,0,8,49,0,2,47,13,0,50,57,59,70,63,120
1,0,10,46,0,5,50,13,0,56,56,61,69,69,125
1,0,7,53,1,2,47,11,0,50,60,62,71,61,122
1,0,11,43,0,4,52,13,0,57,54,58,67,70,124
0,0,8,49,0,3,52,10,0,55,57,60,67,65,122
1,0,8,46,1,2,55,9,0,58,54,56,63,67,122
1,0,6,45,1,2,55,13,0,58,51,53,64,71,123
1,0,8,43,0,3,56,10,0,60,51,54,61,70,121
0,0,8,45,0,5,54,12,0,59,53,58,65,71,124
1,0,9,48,1,4,50,12,0,55,57,61,69,67,125
2,0,7,49,0,3,48,13,0,53,56,59,69,66,122
1,0,9,45,0,2,52,12,0,55,54,56,66,67,121
1,0,8,43,1,4,56,12,0,61,51,55,63,73,125
1,0,6,50,1,3,51,12,0,55,56,59,68,67,124
0,0,7,49,1,3,49,12,0,52,56,59,68,64,121
1,0,10,45,0,0,56,9,0,57,55,55,64,66,121
1,0,9,49,0,3,48,12,0,52,58,61,70,64,122
1,0,10,44,0,5,55,9,0,61,54,59,63,70,124
1,0,6,51,0,4,52,9,0,57,57,61,66,66,123
1,0,9,45,0,2,50,14,0,53,54,56,68,67,121
1,0,10,45,0,4,50,12,0,55,55,59,67,67,122
1,0,7,52,1,2,48,11,0,51,59,61,70,62,122
1,0,7,51,0,2,50,10,0,53,58,60,68,63,121
0,0,8,47,0,2,53,10,0,55,55,57,65,65,120
1,0,6,47,0,3,49,14,0,53,53,56,67,67,120
1,0,8,48,1,4,50,13,0,55,56,60,69,68,125
1,0,10,45,1,1,53,11,0,55,55,56,66,66,122
1,0,8,48,1,2,53,10,0,56,56,58,66,66,123
1,0,9,48,1,3,53,9,0,57,57,60,66,66,124
2,0,10,45,1,3,54,7,0,59,55,58,62,66,122
0,0,11,45,1,2,53,9,0,55,56,58,65,64,121
2,0,10,45,1,2,50,11,0,54,55,57,66,65,121
1,0,7,51,1,2,52,9,0,55,58,60,67,64,123
1,0,9,49,1,4,51,8,0,56,58,62,66,64,123
1,0,7,51,0,4,44,15,0,49,58,62,73,64,122
1,0,6,52,0,4,42,17,0,47,58,62,75,64,122
1,0,8,45,1,1,50,16,0,52,53,54,69,68,122
1,0,7,45,1,3,54,11,0,58,52,55,63,69,122
1,0,9,47,0,3,50,12,0,54,56,59,68,66,122
1,0,7,49,0,3,50,11,0,54,56,59,67,65,121
1,0,9,50,1,2,47,12,0,50,59,61,71,62,122
1,0,8,53,1,3,50,8,0,54,61,64,69,62,124
0,0,7,50,1,2,51,11,0,53,57,59,68,64,122
0,0,9,48,0,4,53,10,0,57,57,61,67,67,124
0,0,8,47,1,0,54,10,0,54,55,55,65,64,120
0,0,8,48,0,2,53,9,0,55,56,58,65,64,120
1,0,8,46,1,3,51,14,0,55,54,57,68,69,124
1,0,7,52,0,4,48,11,0,53,59,63,70,64,123
1,0,9,44,0,3,54,11,0,58,53,56,64,69,122
1,0,8,48,0,3,51,9,0,55,56,59,65,64,120
1,0,14,41,0,4,51,12,0,56,55,59,67,68,123
2,0,7,52,0,4,47,9,0,53,59,63,68,62,121
0,0,7,45,1,5,52,11,0,57,52,57,63,68,121
1,0,7,48,0,2,53,11,0,56,55,57,66,67,122
0,0,13,44,1,2,49,13,0,51,57,59,70,64,122
1,0,12,43,0,4,49,14,0,54,55,59,69,68,123
1,0,6,48,1,4,55,9,0,60,54,58,63,69,124
1,0,8,50,1,2,52,7,0,55,58,60,65,62,121
1,0,7,44,1,2,56,11,0,59,51,53,62,70,122
1,0,8,46,0,3,53,10,0,57,54,57,64,67,121
1,0,8,45,0,3,52,13,0,56,53,56,66,69,122
0,0,9,47,1,2,52,10,0,54,56,58,66,64,121
0,0,11,45,0,3,51,10,0,54,56,59,66,64,120
1,0,6,47,1,5,49,12,0,55,53,58,65,67,121
2,0,7,50,1,3,49,11,0,54,57,60,68,65,123
1,0,8,48,1,3,52,10,0,56,56,59,66,66,123
1,0,6,49,1,1,50,14,0,52,55,56,69,66,122
1,0,9,46,0,3,49,14,0,53,55,58,69,67,122
1,0,10,46,1,3,49,12,0,53,56,59,68,65,122
1,0,7,46,1,3,53,12,0,57,53,56,65,69,123
2,0,8,49,1,2,49,10,0,53,57,59,67,63,121
0,0,8,42,1,4,49,20,0,53,50,54,70,73,124
0,0,7,49,0,3,53,9,0,56,56,59,65,65,121
1,0,7,47,1,3,52,11,0,56,54,57,65,67,122
0,0,9,46,1,3,52,11,0,55,55,58,66,66,122
1,0,9,43,1,3,53,11,0,57,52,55,63,68,121
1,0,10,48,0,4,50,10,0,55,58,62,68,65,123
1,0,7,47,1,0,55,10,0,56,54,54,64,66,121
1,0,9,41,1,3,56,12,0,60,50,53,62,72,123
1,0,9,46,1,4,48,13,0,53,55,59,68,66,122
0,0,9,46,1,3,51,12,0,54,55,58,67,66,122
1,0,8,48,1,3,49,13,0,53,56,59,69,66,123
2,0,8,47,1,3,48,14,0,53,55,58,69,67,123
1,0,10,46,0,4,52,9,0,57,56,60,65,66,122
1,0,8,50,0,0,52,10,0,53,58,58,68,63,121
1,0,9,44,1,3,51,12,0,55,53,56,65,67,121
0,0,7,49,1,2,52,11,0,54,56,58,67,65,122
1,0,9,41,0,3,54,13,0,58,50,53,63,71,121
1,0,7,50,1,3,49,11,0,53,57,60,68,64,122
4,0,11,42,0,2,52,10,0,58,53,55,63,68,121
2,0,11,48,1,2,48,10,0,52,59,61,69,62,122
2,0,15,42,0,2,48,11,0,52,57,59,68,63,120
1,0,11,41,1,3,54,12,0,58,52,55,64,70,123
0,0,8,44,0,3,54,13,0,57,52,55,65,70,122
1,0,9,46,0,3,54,9,0,58,55,58,64,67,122
1,0,7,46,0,2,53,13,0,56,53,55,66,69,122
1,0,8,47,1,3,53,9,0,57,55,58,64,66,122
1,0,9,43,1,5,54,13,0,60,52,57,65,73,126
1,0,11,43,0,3,53,11,0,57,54,57,65,68,122
1,0,6,51,1,4,46,12,0,51,57,61,69,63,121
1,0,7,51,1,1,52,8,0,54,58,59,66,62,121
1,0,7,47,0,3,51,11,0,55,54,57,65,66,120
0,0,10,46,1,5,51,11,0,56,56,61,67,67,124
1,0,0,51,0,4,54,12,0,59,51,55,63,71,122
1,0,9,47,0,3,53,9,0,57,56,59,65,66,122
0,0,11,44,1,4,49,15,0,53,55,59,70,68,124
1,0,7,53,1,1,47,11,0,49,60,61,71,60,121
1,0,10,41,0,3,57,8,0,61,51,54,59,69,120
1,0,9,45,1,4,54,10,0,59,54,58,64,69,124
2,0,10,46,0,1,50,11,0,53,56,57,67,64,120
0,0,7,49,1,5,50,12,0,55,56,61,68,67,124
1,0,7,47,0,2,54,11,0,57,54,56,65,68,122
1,0,9,45,0,3,50,14,0,54,54,57,68,68,122
0,0,0,49,0,3,58,10,0,61,49,52,59,71,120
1,0,0,55,0,2,53,11,0,56,55,57,66,67,122
0,0,9,47,0,4,50,10,0,54,56,60,66,64,120
1,0,9,49,1,4,48,10,0,53,58,62,68,63,122
0,0,7,53,0,2,47,12,0,49,60,62,72,61,121
1,0,9,42,0,7,52,9,0,60,51,58,60,69,120
2,0,9,45,1,4,52,11,0,58,54,58,65,69,124
1,0,10,46,0,2,54,8,0,57,56,58,64,65,121
0,0,7,58,0,4,45,7,0,49,65,69,72,56,121
3,0,8,44,0,4,48,15,0,55,52,56,67,70,122
1,0,6,46,1,3,50,14,0,54,52,55,66,68,121
1,0,7,49,0,3,50,12,0,54,56,59,68,66,122
2,0,10,45,0,5,53,8,0,60,55,60,63,68,123
1,0,10,44,1,3,50,12,0,54,54,57,66,66,121
1,0,8,48,1,4,49,13,0,54,56,60,69,67,124
0,0,12,46,1,4,47,13,0,51,58,62,71,64,123
1,0,8,49,1,3,48,13,0,52,57,60,70,65,123
1,0,8,48,1,3,46,14,0,50,56,59,70,64,121
1,0,13,39,1,3,53,13,0,57,52,55,65,70,123
1,0,11,45,0,2,50,13,0,53,56,58,69,66,122
1,0,8,42,1,4,60,8,0,65,50,54,58,73,124
1,0,7,53,1,3,47,11,0,51,60,63,71,62,123
1,0,8,43,1,5,57,8,0,63,51,56,59,71,123
0,0,0,58,1,4,47,12,0,51,58,62,70,63,122
1,0,7,50,0,1,49,13,0,51,57,58,70,64,121
2,0,8,50,1,2,49,8,0,53,58,60,66,61,120
1,0,7,49,1,4,51,11,0,56,56,60,67,67,124
1,0,8,45,1,2,47,17,0,50,53,55,70,67,121
1,0,9,48,1,3,47,13,0,51,57,60,70,64,122
1,0,7,45,0,1,56,11,0,58,52,53,63,69,121
1,0,9,43,0,5,56,9,0,62,52,57,61,71,123
1,0,7,50,1,2,50,12,0,53,57,59,69,65,123
1,0,6,54,0,4,47,10,0,52,60,64,70,62,122
1,0,7,48,1,5,50,10,0,56,55,60,65,66,122
1,0,0,53,0,3,49,16,0,53,53,56,69,69,122
1,0,13,44,1,3,49,10,0,53,57,60,67,63,121
1,0,9,46,0,5,54,10,0,60,55,60,65,70,125
1,0,11,42,1,2,50,14,0,53,53,55,67,67,121
1,0,0,56,1,3,47,14,0,51,56,59,70,65,122
1,0,13,47,0,2,43,14,0,46,60,62,74,60,120
1,0,10,40,1,4,53,15,0,58,50,54,65,73,124
1,0,9,47,1,2,53,9,0,56,56,58,65,65,122
1,0,11,46,0,4,53,8,0,58,57,61,65,66,123
1,0,10,45,1,4,54,8,0,59,55,59,63,67,123
0,0,7,48,0,5,53,11,0,58,55,60,66,69,124
1,0,8,49,1,2,48,14,0,51,57,59,71,65,123
1,0,8,45,0,2,52,12,0,55,53,55,65,67,120
0,0,8,50,1,4,50,10,0,54,58,62,68,64,123
1,0,7,51,1,2,49,11,0,52,58,60,69,63,122
1,0,8,50,0,3,48,12,0,52,58,61,70,64,122
0,0,9,46,1,3,54,10,0,57,55,58,65,67,123
1,0,6,49,0,1,55,8,0,57,55,56,63,65,120
1,0,7,51,0,3,45,15,0,49,58,61,73,64,122
1,0,9,47,1,2,51,11,0,54,56,58,67,65,122
1,0,10,43,1,6,51,12,0,58,53,59,65,70,124
1,0,8,48,0,5,48,10,0,54,56,61,66,64,120
6,0,11,43,0,1,49,10,0,56,54,55,64,66,120
1,0,6,49,1,2,53,9,0,56,55,57,64,65,121
1,0,11,45,1,3,46,15,0,50,56,59,71,65,122
1,0,9,47,2,2,47,13,0,50,56,58,69,63,121
0,0,8,46,1,4,54,11,0,58,54,58,65,69,124
0,0,10,50,1,4,47,11,0,51,60,64,71,62,123
0,0,7,51,0,3,46,14,0,49,58,61,72,63,121
1,0,8,46,1,3,52,11,0,56,54,57,65,67,122
2,0,10,44,1,3,50,12,0,55,54,57,66,67,122
0,0,8,48,0,3,51,10,0,54,56,59,66,64,120
1,0,9,46,0,3,50,12,0,54,55,58,67,66,121
1,0,10,42,1,1,57,9,0,59,52,53,61,68,121
2,0,6,50,1,3,49,11,0,54,56,59,67,65,122
0,0,7,47,1,3,57,8,0,60,54,57,62,68,123
0,0,9,46,1,2,52,12,0,54,55,57,67,66,122
1,0,10,50,0,3,47,11,0,51,60,63,71,62,122
0,0,0,51,0,4,56,10,0,60,51,55,61,70,121
2,0,10,47,0,4,50,10,0,56,57,61,67,66,123
0,0,10,40,1,4,57,12,0,61,50,54,62,73,124
0,0,8,50,1,3,47,12,0,50,58,61,70,62,121
1,0,8,44,0,2,56,10,0,59,52,54,62,69,121
1,0,7,50,1,5,49,9,0,55,57,62,66,64,122
0,0,7,50,1,4,50,11,0,54,57,61,68,65,123
1,0,10,45,0,1,51,12,0,53,55,56,67,65,120
1,0,0,54,0,4,53,12,0,58,54,58,66,70,124
0,0,8,47,1,3,50,14,0,53,55,58,69,67,123
0,0,10,46,1,2,51,11,0,53,56,58,67,64,121
1,0,8,46,0,3,50,12,0,54,54,57,66,66,120
1,0,7,46,1,4,55,9,0,60,53,57,62,69,123
2,0,10,44,1,3,52,11,0,57,54,57,65,68,123
1,0,11,42,0,2,56,8,0,59,53,55,61,67,120
1,0,7,51,1,3,50,10,0,54,58,61,68,64,123
0,0,10,44,0,6,51,13,0,57,54,60,67,70,124
1,0,9,50,0,2,47,12,0,50,59,61,71,62,121
1,0,8,51,1,2,48,11,0,51,59,61,70,62,122
1,0,0,59,0,4,47,11,0,52,59,63,70,63,122
0,0,8,47,0,1,53,11,0,54,55,56,66,65,120
1,0,10,43,0,3,56,10,0,60,53,56,63,70,123
4,0,9,45,0,2,49,11,0,55,54,56,65,66,120
1,0,10,46,0,3,55,8,0,59,56,59,64,67,123
1,0,8,48,0,4,50,10,0,55,56,60,66,65,121
1,0,11,46,1,2,50,11,0,53,57,59,68,64,122
1,0,7,49,1,3,47,14,0,51,56,59,70,65,122
1,0,6,49,0,4,51,12,0,56,55,59,67,68,123
1,0,9,44,1,4,56,9,0,61,53,57,62,70,124
1,0,8,49,1,5,51,11,0,57,57,62,68,68,126
1,0,0,56,1,3,49,11,0,53,56,59,67,64,121
2,0,11,50,0,3,46,9,0,51,61,64,70,60,121
0,0,10,47,1,5,49,11,0,54,57,62,68,65,123
1,0,10,42,0,4,53,13,0,58,52,56,65,71,123
1,0,9,48,0,5,51,11,0,57,57,62,68,68,125
9,0,9,41,1,4,48,11,0,61,50,54,61,72,123
1,0,9,50,0,5,49,9,0,55,59,64,68,64,123
1,0,8,51,0,0,50,11,0,51,59,59,70,62,121
0,0,11,48,1,3,49,11,0,52,59,62,70,63,123
1,0,8,46,0,2,48,15,0,51,54,56,69,66,120
0,0,6,48,0,2,55,9,0,57,54,56,63,66,120
1,0,8,45,1,6,52,13,0,59,53,59,66,72,126
1,0,7,45,0,4,52,14,0,57,52,56,66,71,123
1,0,7,47,1,4,51,11,0,56,54,58,65,67,122
1,0,11,46,1,3,47,14,0,51,57,60,71,65,123
1,0,8,49,1,4,48,10,0,53,57,61,67,63,121
1,0,0,57,1,2,52,8,0,55,57,59,65,63,121
1,0,8,42,0,4,59,9,0,64,50,54,59,73,123
1,0,9,48,0,5,53,9,0,59,57,62,66,68,125
1,0,8,50,0,3,47,12,0,51,58,61,70,63,121
1,0,8,46,0,4,53,11,0,58,54,58,65,69,123
0,0,12,44,1,3,54,8,0,57,56,59,64,65,122
1,0,0,49,1,2,57,11,0,60,49,51,60,71,121
1,0,9,49,0,2,49,10,0,52,58,60,68,62,120
1,0,8,49,1,4,51,9,0,56,57,61,66,65,123
0,0,6,47,1,3,53,12,0,56,53,56,65,68,122
1,0,9,44,0,2,53,12,0,56,53,55,65,68,121
1,0,10,49,0,3,50,9,0,54,59,62,68,63,122
0,0,9,45,1,6,55,10,0,61,54,60,64,71,126
1,0,0,50,0,2,59,9,0,62,50,52,59,71,121
1,0,9,44,1,2,50,14,0,53,53,55,67,67,121
1,0,6,49,1,4,52,9,0,57,55,59,64,66,122
0,0,9,45,1,4,57,8,0,61,54,58,62,69,124
2,0,10,44,1,4,50,12,0,56,54,58,66,68,123
1,0,8,48,1,3,54,8,0,58,56,59,64,66,123
1,0,9,49,1,2,50,10,0,53,58,60,68,63,122
2,0,8,41,0,3,54,14,0,59,49,52,63,73,122
2,0,7,44,0,3,56,9,0,61,51,54,60,70,121
1,0,6,46,0,4,57,8,0,62,52,56,60,70,122
0,0,8,50,1,5,47,10,0,52,58,63,68,62,121
3,0,9,47,1,4,49,10,0,56,56,60,66,66,123
1,0,7,50,0,3,52,10,0,56,57,60,67,66,123
1,0,6,52,0,5,46,13,0,52,58,63,71,65,123
1,0,9,48,0,3,50,9,0,54,57,60,66,63,120
0,0,8,48,0,5,53,10,0,58,56,61,66,68,124
1,0,8,53,1,4,48,9,0,53,61,65,70,62,124
1,0,9,48,0,3,46,13,0,50,57,60,70,63,120
3,0,11,42,0,4,53,10,0,60,53,57,63,70,123
4,0,7,45,0,1,54,9,0,59,52,53,61,68,120
1,0,11,45,1,5,52,11,0,58,56,61,67,69,126
1,0,7,42,0,4,56,10,0,61,49,53,59,71,120
1,0,7,51,0,4,52,8,0,57,58,62,66,65,123
1,0,9,46,0,4,49,14,0,54,55,59,69,68,123
1,0,0,49,1,3,57,11,0,61,49,52,60,72,122
1,0,7,46,0,3,52,11,0,56,53,56,64,67,120
1,0,7,53,1,3,47,10,0,51,60,63,70,61,122
1,0,11,43,0,2,49,15,0,52,54,56,69,67,121
0,0,9,52,0,3,47,11,0,50,61,64,72,61,122
1,0,7,50,1,4,50,11,0,55,57,61,68,66,124
1,0,9,53,1,4,48,8,0,53,62,66,70,61,124
1,0,9,42,1,3,57,8,0,61,51,54,59,69,121
1,0,8,45,1,3,52,12,0,56,53,56,65,68,122
1,0,8,53,0,4,47,9,0,52,61,65,70,61,122
1,0,9,50,0,4,48,8,0,53,59,63,67,61,120
1,0,7,52,1,4,50,7,0,55,59,63,66,62,122
0,0,9,47,0,3,53,10,0,56,56,59,66,66,122
1,0,10,45,0,3,51,11,0,55,55,58,66,66,121
1,0,8,45,0,4,57,9,0,62,53,57,62,71,124
0,0,9,48,0,2,50,11,0,52,57,59,68,63,120
1,0,6,46,0,2,54,12,0,57,52,54,64,69,121
1,0,12,48,0,4,45,13,0,50,60,64,73,63,123
1,0,8,51,0,4,48,9,0,53,59,63,68,62,121
1,0,8,45,1,2,51,14,0,54,53,55,67,68,122
1,0,8,47,0,4,49,13,0,54,55,59,68,67,122
1,0,8,46,0,6,51,12,0,58,54,60,66,70,124
1,0,8,42,1,2,59,10,0,62,50,52,60,72,123
1,0,14,42,1,0,49,14,0,50,56,56,70,64,121
1,0,0,50,0,4,58,10,0,63,50,54,60,73,123
1,0,10,44,1,4,53,9,0,58,54,58,63,67,122
1,0,0,52,0,3,52,13,0,56,52,55,65,69,121
1,0,10,44,1,4,52,12,0,57,54,58,66,69,124
1,0,8,47,0,6,54,10,0,61,55,61,65,71,126
1,0,6,50,1,4,47,15,0,52,56,60,71,67,124
2,0,12,41,1,4,50,12,0,56,53,57,65,68,122
2,0,7,49,0,3,52,9,0,57,56,59,65,66,122
1,0,7,47,0,4,50,13,0,55,54,58,67,68,122
1,0,8,48,0,3,52,10,0,56,56,59,66,66,122
1,0,0,50,0,4,54,12,0,59,50,54,62,71,121
1,0,8,46,1,1,55,10,0,57,54,55,64,67,122
1,0,0,50,1,3,55,12,0,59,50,53,62,71,122
0,0,8,47,0,4,52,11,0,56,55,59,66,67,122
1,0,8,47,0,2,54,9,0,57,55,57,64,66,121
1,0,8,50,1,2,48,13,0,51,58,60,71,64,123
1,0,8,50,0,5,50,10,0,56,58,63,68,66,124
2,0,8,45,0,5,52,12,0,59,53,58,65,71,124
2,0,7,45,1,2,55,9,0,59,52,54,61,68,121
1,0,10,46,1,3,51,11,0,55,56,59,67,66,123
0,0,7,51,0,6,51,7,0,57,58,64,65,64,122
0,0,9,48,0,3,49,13,0,52,57,60,70,65,122
2,0,12,36,1,5,59,9,0,66,48,53,57,75,124
1,0,8,53,1,3,47,11,0,51,61,64,72,62,124
5,0,7,48,0,2,47,12,0,54,55,57,67,66,121
1,0,8,46,0,5,48,12,0,54,54,59,66,66,120
1,0,0,53,0,5,55,6,0,61,53,58,59,67,120
1,0,9,46,1,3,51,13,0,55,55,58,68,68,124
6,0,7,44,0,4,50,11,0,60,51,55,62,71,122
1,0,10,44,1,2,53,11,0,56,54,56,65,67,122
0,0,0,51,1,1,59,9,0,60,51,52,60,69,121
0,0,9,43,0,2,56,10,0,58,52,54,62,68,120
1,0,8,48,0,4,54,8,0,59,56,60,64,67,123
1,0,13,40,0,3,52,13,0,56,53,56,66,69,122
0,0,6,53,1,3,48,10,0,51,59,62,69,61,121
1,0,9,44,0,3,50,15,0,54,53,56,68,69,122
1,0,8,45,0,3,52,13,0,56,53,56,66,69,122
1,0,7,48,1,2,51,12,0,54,55,57,67,66,122
1,0,0,53,1,2,49,17,0,52,53,55,70,69,123
1,0,7,49,1,2,54,7,0,57,56,58,63,64,121
1,0,10,44,1,2,49,14,0,52,54,56,68,66,121
1,0,10,45,1,3,51,11,0,55,55,58,66,66,122
1,0,9,43,0,0,54,14,0,55,52,52,66,69,121
2,0,8,48,1,3,53,8,0,58,56,59,64,66,123
1,0,7,54,0,4,49,8,0,54,61,65,69,62,123
1,0,8,46,0,4,54,10,0,59,54,58,64,69,123
2,0,10,45,1,2,52,10,0,56,55,57,65,66,122
0,0,8,52,1,4,50,8,0,54,60,64,68,62,123
2,0,9,43,1,1,55,10,0,58,52,53,62,68,121
2,0,0,54,1,2,50,13,0,54,54,56,67,67,122
0,0,7,47,1,2,55,10,0,57,54,56,64,67,122
1,0,10,48,1,3,48,12,0,52,58,61,70,64,123
1,0,0,53,0,4,52,12,0,57,53,57,65,69,122
0,0,10,51,1,3,43,13,0,46,61,64,74,59,121
1,0,8,47,1,2,51,11,0,54,55,57,66,65,121
1,0,7,46,1,4,50,14,0,55,53,57,67,69,123
1,0,10,44,0,4,52,12,0,57,54,58,66,69,123
1,0,0,49,0,3,59,12,0,63,49,52,61,75,124
1,0,0,57,0,4,52,10,0,57,57,61,67,67,124
1,0,7,55,0,2,44,12,0,47,62,64,74,59,121
1,0,7,50,1,2,47,13,0,50,57,59,70,63,121
0,0,0,48,0,5,54,13,0,59,48,53,61,72,120
1,0,9,47,1,2,50,11,0,53,56,58,67,64,121
1,0,7,49,1,3,52,8,0,56,56,59,64,64,121
1,0,0,51,1,4,52,12,0,57,51,55,63,69,121
0,0,7,50,1,4,52,9,0,56,57,61,66,65,123
1,0,7,49,1,3,52,11,0,56,56,59,67,67,124
3,0,10,44,0,1,50,12,0,54,54,55,66,66,120
1,0,0,50,1,2,55,12,0,58,50,52,62,70,121
3,0,7,44,1,4,55,10,0,62,51,55,61,72,124
1,0,7,47,1,3,53,11,0,57,54,57,65,68,123
1,0,10,44,0,3,51,12,0,55,54,57,66,67,121
1,0,10,46,1,0,51,12,0,52,56,56,68,64,121
2,0,9,45,0,3,54,8,0,59,54,57,62,67,121
1,0,7,47,0,3,55,9,0,59,54,57,63,68,122
1,0,7,48,0,3,53,11,0,57,55,58,66,68,123
0,0,8,45,1,3,56,10,0,59,53,56,63,69,123
1,0,7,48,0,3,53,11,0,57,55,58,66,68,123
1,0,6,51,0,2,52,9,0,55,57,59,66,64,121
1,0,11,43,0,3,53,12,0,57,54,57,66,69,123
0,0,8,47,0,4,53,10,0,57,55,59,65,67,122
1,0,8,48,0,6,50,13,0,57,56,62,69,70,126
0,0,9,45,1,3,50,15,0,53,54,57,69,68,123
1,0,7,44,1,2,58,9,0,61,51,53,60,70,122
3,0,7,47,0,3,52,10,0,58,54,57,64,68,122
1,0,0,55,1,3,49,13,0,53,55,58,68,66,122
0,0,7,55,1,5,44,12,0,49,62,67,74,61,124
1,0,9,45,0,3,52,12,0,56,54,57,66,68,122
1,0,0,51,1,2,52,15,0,55,51,53,66,70,122
1,0,9,45,0,2,53,12,0,56,54,56,66,68,122
1,0,9,41,1,5,55,12,0,61,50,55,62,73,124
1,0,6,49,0,3,52,11,0,56,55,58,66,67,122
1,0,9,44,0,2,55,10,0,58,53,55,63,68,121
0,0,10,46,1,1,51,12,0,52,56,57,68,64,121
1,0,7,48,0,2,53,10,0,56,55,57,65,66,121
1,0,6,56,0,4,46,11,0,51,62,66,73,62,124
1,0,8,42,0,4,58,10,0,63,50,54,60,73,123
1,0,7,45,1,3,55,11,0,59,52,55,63,70,123
1,0,8,47,1,0,55,10,0,56,55,55,65,66,122
1,0,9,47,0,3,51,12,0,55,56,59,68,67,123
5,0,7,47,1,4,51,9,0,60,54,58,63,69,124
0,0,10,44,1,3,53,12,0,56,54,57,66,68,123
0,0,10,44,0,0,52,14,0,52,54,54,68,66,120
1,0,6,50,0,3,50,11,0,54,56,59,67,65,121
1,0,0,52,1,2,51,15,0,54,52,54,67,69,122
1,0,6,47,0,3,57,8,0,61,53,56,61,69,122
1,0,9,49,0,4,48,11,0,53,58,62,69,64,122
1,0,9,46,1,2,52,10,0,55,55,57,65,65,121
1,0,10,47,1,2,48,12,0,51,57,59,69,63,121
1,0,0,52,1,2,55,10,0,58,52,54,62,68,121
1,0,10,49,0,5,47,12,0,53,59,64,71,65,124
1,0,9,51,0,4,46,10,0,51,60,64,70,61,121
1,0,9,46,0,5,53,10,0,59,55,60,65,69,124
2,0,6,47,0,3,52,12,0,57,53,56,65,69,122
0,0,9,45,0,5,56,9,0,61,54,59,63,70,124
1,0,9,46,1,3,49,14,0,53,55,58,69,67,123
1,0,7,48,0,2,53,9,0,56,55,57,64,65,120
1,0,8,47,0,3,53,11,0,57,55,58,66,68,123
1,0,8,48,1,4,49,13,0,54,56,60,69,67,124
1,0,10,47,0,3,48,11,0,52,57,60,68,63,120
0,0,9,48,1,3,49,13,0,52,57,60,70,65,123
2,0,9,46,1,4,45,17,0,51,55,59,72,68,124
1,0,8,49,1,4,49,9,0,54,57,61,66,63,121
1,0,10,44,1,5,52,12,0,58,54,59,66,70,125
1,0,7,51,1,3,49,11,0,53,58,61,69,64,123
1,0,11,46,1,3,50,12,0,54,57,60,69,66,124
0,0,7,48,0,2,53,10,0,55,55,57,65,65,120
2,0,9,40,1,2,55,12,0,59,49,51,61,71,121
1,0,7,51,1,2,49,11,0,52,58,60,69,63,122
1,0,8,49,1,3,51,9,0,55,57,60,66,64,122
1,0,10,47,1,1,51,11,0,53,57,58,68,64,122
1,0,10,47,0,4,51,11,0,56,57,61,68,67,124
1,0,8,46,1,4,54,9,0,59,54,58,63,68,123
2,0,11,46,1,2,46,14,0,50,57,59,71,64,122
1,0,7,49,0,2,52,10,0,55,56,58,66,65,121
1,0,9,44,1,3,51,14,0,55,53,56,67,69,123
1,0,7,46,1,3,52,13,0,56,53,56,66,69,123
1,0,11,43,1,2,54,11,0,57,54,56,65,68,123
1,0,9,46,1,2,52,10,0,55,55,57,65,65,121
1,0,6,47,1,2,54,11,0,57,53,55,64,68,122
1,0,9,46,1,1,54,10,0,56,55,56,65,66,122
0,0,9,49,0,5,50,10,0,55,58,63,68,65,123
1,0,12,39,1,3,56,11,0,60,51,54,62,71,123
0,0,9,50,0,3,42,17,0,45,59,62,76,62,121
1,0,8,52,0,1,49,9,0,51,60,61,69,60,120
0,0,10,50,1,3,47,10,0,50,60,63,70,60,121
4,0,10,43,0,4,49,13,0,57,53,57,66,70,123
1,0,9,48,1,3,50,12,0,54,57,60,69,66,124
1,0,8,51,1,3,48,11,0,52,59,62,70,63,123
1,0,10,44,1,1,52,12,0,54,54,55,66,66,121
1,0,7,47,0,2,54,9,0,57,54,56,63,66,120
1,0,0,50,1,4,60,8,0,65,50,54,58,73,124
3,0,0,54,1,5,53,9,0,61,54,59,63,70,125
1,0,10,45,1,2,51,11,0,54,55,57,66,65,121
1,0,9,49,0,3,48,12,0,52,58,61,70,64,122
1,0,9,42,0,3,53,15,0,57,51,54,66,72,123
1,0,0,50,1,4,57,11,0,62,50,54,61,73,124
1,0,11,46,0,2,53,8,0,56,57,59,65,64,121
0,0,6,48,1,3,53,10,0,56,54,57,64,66,121
1,0,0,52,0,4,56,7,0,61,52,56,59,68,120
1,0,0,55,0,3,52,11,0,56,55,58,66,67,122
1,0,6,47,0,2,55,10,0,58,53,55,63,68,121
1,0,10,47,0,5,49,12,0,55,57,62,69,67,124
2,0,10,44,1,3,50,11,0,55,54,57,65,66,121
1,0,8,45,1,3,51,14,0,55,53,56,67,69,123
0,0,9,47,0,2,55,8,0,57,56,58,64,65,121
1,0,9,51,1,5,45,14,0,51,60,65,74,65,126
1,0,8,47,1,3,51,11,0,55,55,58,66,66,122
1,0,8,47,1,2,51,12,0,54,55,57,67,66,122
1,0,7,47,0,3,49,15,0,53,54,57,69,68,122
1,0,8,46,0,3,55,9,0,59,54,57,63,68,122
1,0,11,44,1,3,51,12,0,55,55,58,67,67,123
2,0,8,49,1,5,46,13,0,53,57,62,70,66,124
1,0,9,45,1,0,56,9,0,57,54,54,63,66,121
0,0,8,45,1,3,53,12,0,56,53,56,65,68,122
0,0,7,48,1,2,55,9,0,57,55,57,64,66,122
1,0,10,43,0,2,54,10,0,57,53,55,63,67,120
3,0,8,48,0,3,44,15,0,50,56,59,71,65,121
1,0,0,55,1,3,53,9,0,57,55,58,64,66,122
1,0,6,51,1,4,54,7,0,59,57,61,64,66,124
1,0,9,47,0,0,53,11,0,54,56,56,67,65,121
4,0,9,46,1,3,47,11,0,54,55,58,66,65,121
1,0,9,47,0,4,51,10,0,56,56,60,66,66,122
1,0,11,45,1,2,51,12,0,54,56,58,68,66,123
0,0,11,43,0,3,54,12,0,57,54,57,66,69,123
1,0,9,46,1,2,49,13,0,52,55,57,68,65,121
0,0,7,51,0,2,48,12,0,50,58,60,70,62,120
1,0,8,46,1,2,53,10,0,56,54,56,64,66,121
0,0,6,46,0,2,51,15,0,53,52,54,67,68,120
0,0,6,53,1,3,47,12,0,50,59,62,71,62,122
1,0,7,47,1,3,56,7,0,60,54,57,61,67,122
1,0,9,43,1,2,52,14,0,55,52,54,66,69,122
0,0,8,46,0,3,56,9,0,59,54,57,63,68,122
1,0,9,45,1,2,54,11,0,57,54,56,65,68,123
1,0,8,49,1,3,50,11,0,54,57,60,68,65,123
1,0,7,49,0,4,52,9,0,57,56,60,65,66,122
2,0,14,41,0,4,50,12,0,56,55,59,67,68,123
2,0,10,44,1,5,54,9,0,61,54,59,63,70,125
1,0,8,46,0,4,50,15,0,55,54,58,69,70,124
2,0,14,42,0,2,54,7,0,58,56,58,63,65,121
0,0,11,46,0,4,49,13,0,53,57,61,70,66,123
0,0,8,53,1,3,48,10,0,51,61,64,71,61,123
1,0,10,44,1,5,52,8,0,58,54,59,62,66,121
1,0,7,44,0,2,56,10,0,59,51,53,61,69,120
1,0,7,49,0,2,48,14,0,51,56,58,70,65,121
1,0,0,52,0,3,52,12,0,56,52,55,64,68,120
1,0,8,47,0,5,53,8,0,59,55,60,63,67,122
1,0,8,46,0,6,51,13,0,58,54,60,67,71,125
1,0,9,42,0,4,57,10,0,62,51,55,61,72,123
3,0,9,49,1,4,47,10,0,54,58,62,68,64,123
1,0,8,48,0,2,48,13,0,51,56,58,69,64,120
1,0,8,46,0,2,54,11,0,57,54,56,65,68,122
1,0,8,49,1,5,51,10,0,57,57,62,67,67,125
3,0,7,48,0,3,51,9,0,57,55,58,64,66,121
2,0,6,43,1,3,55,11,0,60,49,52,60,71,121
1,0,10,47,0,3,51,9,0,55,57,60,66,64,121
1,0,8,51,0,3,47,11,0,51,59,62,70,62,121
0,0,14,43,0,4,48,14,0,52,57,61,71,66,123
0,0,8,50,0,3,49,12,0,52,58,61,70,64,122
0,0,8,49,1,2,53,9,0,55,57,59,66,64,122
1,0,0,50,0,4,57,9,0,62,50,54,59,71,121
1,0,7,50,0,3,49,10,0,53,57,60,67,63,120
1,0,9,44,0,4,50,15,0,55,53,57,68,70,123
1,0,10,47,1,2,53,8,0,56,57,59,65,64,122
1,0,9,46,0,2,46,17,0,49,55,57,72,66,121
1,0,0,57,0,5,47,11,0,53,57,62,68,64,121
2,0,7,44,1,3,52,13,0,57,51,54,64,70,122
0,0,8,46,0,3,53,12,0,56,54,57,66,68,122
1,0,9,44,0,4,51,14,0,56,53,57,67,70,123
0,0,9,51,1,3,49,9,0,52,60,63,69,61,122
0,0,8,48,1,3,52,10,0,55,56,59,66,65,122
0,0,9,46,1,5,52,11,0,57,55,60,66,68,124
1,0,8,51,1,3,51,8,0,55,59,62,67,63,123
1,0,8,42,0,2,58,10,0,61,50,52,60,71,121
1,0,8,51,0,3,49,10,0,53,59,62,69,63,122
1,0,10,49,1,4,50,9,0,55,59,63,68,64,124
1,0,9,49,1,1,46,14,0,48,58,59,72,62,121
1,0,7,51,0,4,45,15,0,50,58,62,73,65,123
1,0,7,48,0,2,54,8,0,57,55,57,63,65,120
0,0,8,49,0,3,52,10,0,55,57,60,67,65,122
0,0,7,42,0,2,60,10,0,62,49,51,59,72,121
1,0,9,44,1,4,51,14,0,56,53,57,67,70,124
0,0,7,48,0,5,53,11,0,58,55,60,66,69,124
1,0,6,48,0,4,51,13,0,56,54,58,67,69,123
1,0,0,48,1,2,59,11,0,62,48,50,59,73,122
1,0,9,45,0,2,52,12,0,55,54,56,66,67,121
2,0,8,46,0,3,49,13,0,54,54,57,67,67,121
1,0,11,41,0,3,52,15,0,56,52,55,67,71,123
1,0,0,49,0,3,60,8,0,64,49,52,57,72,121
1,0,9,47,0,2,49,13,0,52,56,58,69,65,121
0,0,8,47,0,4,53,11,0,57,55,59,66,68,123
1,0,0,54,1,2,53,12,0,56,54,56,66,68,123
1,0,8,50,1,4,47,11,0,52,58,62,69,63,122
1,0,10,45,0,3,53,10,0,57,55,58,65,67,122
1,0,8,47,1,2,50,13,0,53,55,57,68,66,122
0,0,11,47,1,4,50,11,0,54,58,62,69,65,124
1,0,8,45,1,4,57,9,0,62,53,57,62,71,125
1,0,6,48,1,4,54,9,0,59,54,58,63,68,123
2,0,8,48,1,2,51,10,0,55,56,58,66,65,122
1,0,6,47,1,3,50,14,0,54,53,56,67,68,122
1,0,9,41,0,4,54,14,0,59,50,54,64,73,123
3,0,10,41,0,3,54,11,0,60,51,54,62,71,122
0,0,0,52,0,3,55,10,0,58,52,55,62,68,120
1,0,10,43,0,3,55,10,0,59,53,56,63,69,122
3,0,8,47,1,2,50,10,0,55,55,57,65,65,121
0,0,7,48,0,6,51,12,0,57,55,61,67,69,124
1,0,12,43,1,3,51,13,0,55,55,58,68,68,124
1,0,6,53,0,1,48,12,0,50,59,60,71,62,121
1,0,7,51,0,2,52,8,0,55,58,60,66,63,121
1,0,9,46,1,3,49,12,0,53,55,58,67,65,121
1,0,10,49,1,3,48,9,0,52,59,62,68,61,121
1,0,9,52,1,3,47,9,0,51,61,64,70,60,122
1,0,10,44,1,2,52,12,0,55,54,56,66,67,122
1,0,6,51,0,4,52,9,0,57,57,61,66,66,123
1,0,7,48,1,3,49,14,0,53,55,58,69,67,123
1,0,12,45,1,2,49,12,0,52,57,59,69,64,122
1,0,12,40,1,4,51,15,0,56,52,56,67,71,124
1,0,8,50,1,3,51,8,0,55,58,61,66,63,122
0,0,8,47,1,4,50,13,0,54,55,59,68,67,123
1,0,6,48,1,2,54,10,0,57,54,56,64,67,122
0,0,7,47,0,2,56,9,0,58,54,56,63,67,121
1,0,8,49,1,3,48,11,0,52,57,60,68,63,121
1,0,0,53,1,5,54,10,0,60,53,58,63,70,124
1,0,6,49,1,4,51,12,0,56,55,59,67,68,124
2,0,8,49,0,3,49,11,0,54,57,60,68,65,122
1,0,6,47,0,4,53,11,0,58,53,57,64,69,122
0,0,11,45,0,1,50,13,0,51,56,57,69,64,120
1,0,10,46,0,2,49,13,0,52,56,58,69,65,121
1,0,9,51,1,5,45,14,0,51,60,65,74,65,126
0,0,11,43,1,4,51,11,0,55,54,58,65,66,121
0,0,9,44,0,3,55,12,0,58,53,56,65,70,123
1,0,9,45,1,5,54,9,0,60,54,59,63,69,124
1,0,10,45,0,2,53,10,0,56,55,57,65,66,121
1,0,7,52,1,6,49,10,0,56,59,65,69,66,126
0,0,11,43,1,3,53,12,0,56,54,57,66,68,123
3,0,0,47,1,3,59,9,0,65,47,50,56,74,122
1,0,7,51,1,1,51,9,0,53,58,59,67,62,121
1,0,15,38,0,3,53,11,0,57,53,56,64,68,121
0,0,8,48,0,3,50,12,0,53,56,59,68,65,121
1,0,8,50,0,4,47,13,0,52,58,62,71,65,123
0,0,9,40,0,3,53,17,0,56,49,52,66,73,122
2,0,11,42,0,2,50,13,0,54,53,55,66,67,120
1,0,7,52,1,4,52,8,0,57,59,63,67,65,125
1,0,10,43,1,2,51,14,0,54,53,55,67,68,122
2,0,12,40,1,4,54,11,0,60,52,56,63,71,124
2,0,7,49,1,2,50,10,0,54,56,58,66,64,121
1,0,0,52,0,3,53,13,0,57,52,55,65,70,122
1,0,10,46,0,3,49,12,0,53,56,59,68,65,121
2,0,9,48,1,4,49,11,0,55,57,61,68,66,124
3,0,9,42,1,4,57,8,0,64,51,55,59,72,124
2,0,8,49,1,3,48,12,0,53,57,60,69,65,123
1,0,6,50,1,2,51,11,0,54,56,58,67,65,122
3,0,10,45,0,3,49,10,0,55,55,58,65,65,120
1,0,10,47,0,2,50,11,0,53,57,59,68,64,121
1,0,10,46,0,2,51,12,0,54,56,58,68,66,122
0,0,8,47,0,2,50,13,0,52,55,57,68,65,120
1,0,8,48,0,2,54,9,0,57,56,58,65,66,122
1,0,0,53,1,3,54,10,0,58,53,56,63,68,122
1,0,0,58,0,5,50,10,0,56,58,63,68,66,124
1,0,8,46,1,3,54,11,0,58,54,57,65,69,124
1,0,9,46,1,2,51,10,0,54,55,57,65,64,120
1,0,7,49,0,4,51,12,0,56,56,60,68,68,124
1,0,9,48,0,1,52,9,0,54,57,58,66,63,120
1,0,6,52,1,3,48,10,0,52,58,61,68,62,121
1,0,9,48,1,3,52,7,0,56,57,60,64,63,121
1,0,8,49,0,4,46,15,0,51,57,61,72,66,123
1,0,7,51,1,3,47,12,0,51,58,61,70,63,122
1,0,8,48,0,4,53,9,0,58,56,60,65,67,123
1,0,13,46,1,3,45,14,0,49,59,62,73,63,123
1,0,7,47,0,2,52,11,0,55,54,56,65,66,120
0,0,8,50,0,6,49,12,0,55,58,64,70,67,125
2,0,8,43,1,3,50,14,0,55,51,54,65,69,121
2,0,12,42,0,4,54,10,0,60,54,58,64,70,124
1,0,10,49,1,3,49,10,0,53,59,62,69,63,123
1,0,8,49,1,1,52,9,0,54,57,58,66,63,121
0,0,11,48,0,4,50,10,0,54,59,63,69,64,123
1,0,8,44,1,4,52,14,0,57,52,56,66,71,124
1,0,11,45,0,2,51,11,0,54,56,58,67,65,121
0,0,9,51,1,1,51,8,0,52,60,61,68,60,121
1,0,8,47,1,3,52,10,0,56,55,58,65,66,122
1,0,10,45,1,0,57,7,0,58,55,55,62,65,121
1,0,6,49,0,4,50,13,0,55,55,59,68,68,123
0,0,11,46,1,3,50,11,0,53,57,60,68,64,122
1,0,8,42,1,3,56,11,0,60,50,53,61,71,122
1,0,8,49,0,5,50,9,0,56,57,62,66,65,122
1,0,8,51,1,3,49,10,0,53,59,62,69,63,123
1,0,8,48,1,2,52,11,0,55,56,58,67,66,123
1,0,9,51,1,3,49,9,0,53,60,63,69,62,123
0,0,8,46,1,3,55,9,0,58,54,57,63,67,122
1,0,6,52,0,3,52,7,0,56,58,61,65,63,121
1,0,9,47,0,1,52,11,0,54,56,57,67,65,121
0,0,10,45,1,3,56,8,0,59,55,58,63,67,123
1,0,0,53,1,3,52,12,0,56,53,56,65,68,122
1,0,6,49,1,5,53,10,0,59,55,60,65,69,125
1,0,9,41,0,2,58,11,0,61,50,52,61,72,122
1,0,7,50,0,3,47,14,0,51,57,60,71,65,122
1,0,7,51,1,4,49,12,0,54,58,62,70,66,125
0,0,7,49,1,4,49,12,0,53,56,60,68,65,122
1,0,9,42,0,4,58,9,0,63,51,55,60,72,123
1,0,8,45,1,4,51,13,0,56,53,57,66,69,123
1,0,6,48,1,2,55,9,0,58,54,56,63,67,122
4,0,8,47,0,2,49,11,0,55,55,57,66,66,121
1,0,10,45,1,2,54,9,0,57,55,57,64,66,122
1,0,0,54,0,4,53,11,0,58,54,58,65,69,123
1,0,8,51,1,5,45,13,0,51,59,64,72,64,124
1,0,8,46,1,3,54,9,0,58,54,57,63,67,122
1,0,13,46,1,3,50,9,0,54,59,62,68,63,123
1,0,12,43,0,2,48,15,0,51,55,57,70,66,121
1,0,7,46,1,2,54,10,0,57,53,55,63,67,121
1,0,10,48,1,3,49,10,0,53,58,61,68,63,122
2,0,0,47,0,4,56,14,0,62,47,51,61,76,123
1,0,7,49,1,4,50,11,0,55,56,60,67,66,123
1,0,8,44,1,2,53,13,0,56,52,54,65,69,122
1,0,7,53,1,2,45,12,0,48,60,62,72,60,121
0,0,8,46,0,3,52,13,0,55,54,57,67,68,122
2,0,9,45,0,4,54,9,0,60,54,58,63,69,123
1,0,12,45,1,2,50,10,0,53,57,59,67,63,121
0,0,6,49,0,2,54,9,0,56,55,57,64,65,120
1,0,8,45,0,4,55,10,0,60,53,57,63,70,123
1,0,0,53,0,2,58,7,0,61,53,55,60,68,121
3,0,11,45,0,2,53,7,0,58,56,58,63,65,121
1,0,8,43,0,3,56,10,0,60,51,54,61,70,121
0,0,8,53,0,5,43,15,0,48,61,66,76,63,124
0,0,8,48,1,4,54,8,0,58,56,60,64,66,123
1,0,0,48,0,5,58,13,0,64,48,53,61,77,125
1,0,8,46,1,2,47,17,0,50,54,56,71,67,122
1,0,9,48,1,2,52,9,0,55,57,59,66,64,122
0,0,8,46,1,3,54,11,0,57,54,57,65,68,123
1,0,10,45,1,5,51,10,0,57,55,60,65,67,123
2,0,9,45,0,3,53,9,0,58,54,57,63,67,121
1,0,8,46,1,3,50,14,0,54,54,57,68,68,123
0,0,10,50,0,2,49,9,0,51,60,62,69,60,120
1,0,8,49,0,3,51,8,0,55,57,60,65,63,120
0,0,11,47,1,5,50,10,0,55,58,63,68,65,124
0,0,11,44,0,3,54,10,0,57,55,58,65,67,122
1,0,0,56,1,3,48,12,0,52,56,59,68,64,121
1,0,10,44,0,4,49,14,0,54,54,58,68,68,122
2,0,8,45,1,3,51,11,0,56,53,56,64,67,121
1,0,0,56,1,3,51,10,0,55,56,59,66,65,122
2,0,7,54,1,2,47,9,0,51,61,63,70,60,122
1,0,7,48,1,2,50,12,0,53,55,57,67,65,121
1,0,10,45,1,3,50,12,0,54,55,58,67,66,122
1,0,9,47,1,3,51,11,0,55,56,59,67,66,123
0,0,10,45,0,5,51,12,0,56,55,60,67,68,123
0,0,9,43,1,3,53,14,0,56,52,55,66,70,123
0,0,8,49,1,2,47,14,0,49,57,59,71,63,121
1,0,10,45,1,3,50,14,0,54,55,58,69,68,124
3,0,11,47,1,3,44,12,0,50,58,61,70,62,121
2,0,7,51,0,4,44,12,0,50,58,62,70,62,120
1,0,6,51,1,4,51,9,0,56,57,61,66,65,123
0,0,8,52,1,3,50,9,0,53,60,63,69,62,123
1,0,9,45,0,3,53,9,0,57,54,57,63,66,120
5,0,7,50,1,3,49,8,0,57,57,60,65,65,123
1,0,7,49,1,2,51,12,0,54,56,58,68,66,123
1,0,7,48,1,4,51,12,0,56,55,59,67,68,124
1,0,11,45,0,5,48,13,0,54,56,61,69,67,123
0,0,13,48,1,3,44,12,0,47,61,64,73,59,121
0,0,8,45,0,1,56,11,0,57,53,54,64,68,121
0,0,8,49,1,4,51,10,0,55,57,61,67,65,123
1,0,15,44,0,5,48,10,0,54,59,64,69,64,123
1,0,7,45,1,3,56,11,0,60,52,55,63,71,124
0,0,0,52,0,2,54,12,0,56,52,54,64,68,120
1,0,8,45,1,3,55,9,0,59,53,56,62,68,122
1,0,0,56,0,3,50,12,0,54,56,59,68,66,122
1,0,8,46,1,5,49,15,0,55,54,59,69,70,125
0,0,6,46,1,2,51,15,0,53,52,54,67,68,121
2,0,0,53,1,5,53,11,0,60,53,58,64,71,125
3,0,10,42,1,2,53,11,0,58,52,54,63,69,122
1,0,6,51,0,2,50,11,0,53,57,59,68,64,121
1,0,9,54,1,4,43,9,0,48,63,67,72,57,121
1,0,7,47,0,3,52,11,0,56,54,57,65,67,121
0,0,8,55,0,5,45,10,0,50,63,68,73,60,123
2,0,8,43,0,4,52,11,0,58,51,55,62,69,120
1,0,10,46,1,2,53,9,0,56,56,58,65,65,122
1,0,9,48,0,3,51,9,0,55,57,60,66,64,121
1,0,7,52,0,3,48,11,0,52,59,62,70,63,122
1,0,7,48,0,3,49,13,0,53,55,58,68,66,121
1,0,11,43,1,2,53,10,0,56,54,56,64,66,121
1,0,8,48,0,5,49,12,0,55,56,61,68,67,123
1,0,8,50,0,2,44,15,0,47,58,60,73,62,120
1,0,8,48,0,3,52,11,0,56,56,59,67,67,123
1,0,9,52,1,4,47,9,0,52,61,65,70,61,123
1,0,6,53,0,5,47,10,0,53,59,64,69,63,122
1,0,8,43,1,3,57,10,0,61,51,54,61,71,123
2,0,6,46,1,4,53,11,0,59,52,56,63,70,123
1,0,9,49,1,2,49,11,0,52,58,60,69,63,122
1,0,8,49,1,3,51,11,0,55,57,60,68,66,124
1,0,7,50,0,3,52,9,0,56,57,60,66,65,122
1,0,6,51,0,4,48,13,0,53,57,61,70,66,123
1,0,6,52,0,2,50,10,0,53,58,60,68,63,121
0,0,0,53,0,3,55,9,0,58,53,56,62,67,120
1,0,8,41,1,3,58,10,0,62,49,52,59,72,122
1,0,9,45,0,3,49,15,0,53,54,57,69,68,122
1,0,8,49,0,2,55,7,0,58,57,59,64,65,122
1,0,7,48,0,3,50,11,0,54,55,58,66,65,120
1,0,7,49,0,2,51,12,0,54,56,58,68,66,122
1,0,9,44,1,2,53,12,0,56,53,55,65,68,122
1,0,7,53,0,4,49,9,0,54,60,64,69,63,123
1,0,6,53,1,4,45,12,0,50,59,63,71,62,122
1,0,11,46,0,5,49,12,0,55,57,62,69,67,124
1,0,9,51,1,3,50,8,0,54,60,63,68,62,123
0,0,9,50,0,0,50,11,0,50,59,59,70,61,120
0,0,10,49,1,4,49,10,0,53,59,63,69,63,123
1,0,9,48,0,3,52,9,0,56,57,60,66,65,122
1,0,6,49,1,4,52,9,0,57,55,59,64,66,122
1,0,0,53,1,6,52,14,0,59,53,59,67,73,127
1,0,0,52,0,4,53,12,0,58,52,56,64,70,122
2,0,8,45,0,5,48,15,0,55,53,58,68,70,123
1,0,9,46,0,3,53,10,0,57,55,58,65,67,122
1,0,9,44,0,2,53,11,0,56,53,55,64,67,120
1,0,9,44,1,2,56,8,0,59,53,55,61,67,121
3,0,10,44,1,3,51,11,0,57,54,57,65,68,123
1,0,6,48,0,4,50,12,0,55,54,58,66,67,121
0,0,11,44,0,3,51,13,0,54,55,58,68,67,122
0,0,6,54,0,4,45,11,0,49,60,64,71,60,120
1,0,0,55,0,3,49,15,0,53,55,58,70,68,123
5,0,9,44,0,3,52,9,0,60,53,56,62,69,122
1,0,7,46,0,3,55,11,0,59,53,56,64,70,123
0,0,10,44,1,2,54,11,0,56,54,56,65,67,122
0,0,8,48,1,4,54,9,0,58,56,60,65,67,124
1,0,7,50,1,5,50,12,0,56,57,62,69,68,126
1,0,0,55,0,4,55,8,0,60,55,59,63,68,123
1,0,8,52,1,4,47,11,0,52,60,64,71,63,124
1,0,7,54,1,2,47,10,0,50,61,63,71,60,122
0,0,8,48,1,4,52,8,0,56,56,60,64,64,121
2,0,8,47,0,4,49,13,0,55,55,59,68,68,123
1,0,9,45,0,4,51,14,0,56,54,58,68,70,124
1,0,0,57,1,4,52,10,0,57,57,61,67,67,125
1,0,10,43,0,3,51,12,0,55,53,56,65,67,120
1,0,10,45,0,3,53,10,0,57,55,58,65,67,122
1,0,6,46,0,4,54,12,0,59,52,56,64,71,123
0,0,6,47,0,2,53,12,0,55,53,55,65,67,120
1,0,11,45,1,6,49,12,0,56,56,62,68,68,125
1,0,7,51,1,4,53,7,0,58,58,62,65,65,124
7,0,8,45,0,5,51,7,0,63,53,58,60,70,123
1,0,0,53,1,3,57,9,0,61,53,56,62,70,124
1,0,8,50,1,3,49,9,0,53,58,61,67,62,121
1,0,6,53,1,4,48,10,0,53,59,63,69,63,123
1,0,9,50,0,4,48,11,0,53,59,63,70,64,123
1,0,8,48,0,2,44,17,0,47,56,58,73,64,120
1,0,9,48,0,5,50,11,0,56,57,62,68,67,124
1,0,12,41,1,3,51,12,0,55,53,56,65,67,121
1,0,9,48,0,2,51,11,0,54,57,59,68,65,122
1,0,6,52,0,2,50,11,0,53,58,60,69,64,122
1,0,7,48,1,5,52,10,0,58,55,60,65,68,124
1,0,8,50,1,2,49,10,0,52,58,60,68,62,121
0,0,9,44,0,4,54,9,0,58,53,57,62,67,120
1,0,7,45,1,4,54,11,0,59,52,56,63,70,123
0,0,7,53,1,3,46,12,0,49,60,63,72,61,122
1,0,9,47,1,1,47,16,0,49,56,57,72,65,122
1,0,7,49,0,5,48,13,0,54,56,61,69,67,123
1,0,9,45,0,1,51,14,0,53,54,55,68,67,121
1,0,7,47,1,1,54,10,0,56,54,55,64,66,121
2,0,7,50,0,3,46,12,0,51,57,60,69,63,120
1,0,8,48,1,4,51,11,0,56,56,60,67,67,124
1,0,10,49,1,4,49,10,0,54,59,63,69,64,124
2,0,9,46,1,4,51,10,0,57,55,59,65,67,123
1,0,8,51,1,5,48,11,0,54,59,64,70,65,125
1,0,8,44,1,3,57,9,0,61,52,55,61,70,123
1,0,6,51,1,3,51,9,0,55,57,60,66,64,122
0,0,7,48,0,1,54,10,0,55,55,56,65,65,120
1,0,8,45,1,2,56,9,0,59,53,55,62,68,122
1,0,16,42,1,5,49,10,0,55,58,63,68,65,124
1,0,0,55,1,4,49,11,0,54,55,59,66,65,121
1,0,9,42,0,2,54,13,0,57,51,53,64,70,121
1,0,0,51,1,4,56,9,0,61,51,55,60,70,122
1,0,8,50,0,5,48,8,0,54,58,63,66,62,120
0,0,9,47,0,3,47,15,0,50,56,59,71,65,121
1,0,7,50,0,3,50,11,0,54,57,60,68,65,122
1,0,6,49,0,3,52,10,0,56,55,58,65,66,121
2,0,9,49,0,2,48,11,0,52,58,60,69,63,121
1,0,10,48,1,4,45,12,0,50,58,62,70,62,121
0,0,9,44,1,4,56,10,0,60,53,57,63,70,124
3,0,10,44,0,2,52,10,0,57,54,56,64,67,121
0,0,9,47,0,2,47,15,0,49,56,58,71,64,120
1,0,10,41,1,2,58,8,0,61,51,53,59,69,121
1,0,7,48,1,0,52,12,0,53,55,55,67,65,121
1,0,9,47,0,2,52,11,0,55,56,58,67,66,122
0,0,7,50,1,3,54,7,0,57,57,60,64,64,122
1,0,7,49,1,1,53,9,0,55,56,57,65,64,121
0,0,6,49,1,3,53,11,0,56,55,58,66,67,123
0,0,7,44,1,3,54,12,0,57,51,54,63,69,121
2,0,8,50,1,3,47,12,0,52,58,61,70,64,123
1,0,9,49,0,4,48,12,0,53,58,62,70,65,123
0,0,8,44,1,2,58,8,0,60,52,54,60,68,121
1,0,8,48,0,2,52,10,0,55,56,58,66,65,121
1,0,7,49,1,3,49,12,0,53,56,59,68,65,122
1,0,8,50,0,3,47,11,0,51,58,61,69,62,120
1,0,9,49,0,1,49,12,0,51,58,59,70,63,121
1,0,0,47,0,3,63,9,0,67,47,50,56,76,123
0,0,9,48,1,2,49,13,0,51,57,59,70,64,122
1,0,9,47,0,2,50,12,0,53,56,58,68,65,121
1,0,8,50,0,5,49,11,0,55,58,63,69,66,124
1,0,9,44,1,4,52,13,0,57,53,57,66,70,124
1,0,7,46,1,4,52,13,0,57,53,57,66,70,124
1,0,9,47,0,1,49,13,0,51,56,57,69,64,120
1,0,9,44,1,3,43,22,0,47,53,56,75,69,123
1,0,7,49,0,3,52,9,0,56,56,59,65,65,121
0,0,12,42,1,4,56,10,0,60,54,58,64,70,125
1,0,8,49,0,2,50,11,0,53,57,59,68,64,121
1,0,7,48,1,2,55,7,0,58,55,57,62,65,121
1,0,8,50,0,3,47,13,0,51,58,61,71,64,122
1,0,8,53,1,4,47,9,0,52,61,65,70,61,123
0,0,7,48,1,4,52,10,0,56,55,59,65,66,122
1,0,14,47,1,3,48,10,0,52,61,64,71,62,124
1,0,8,45,1,1,57,8,0,59,53,54,61,67,121
0,0,11,42,0,3,55,11,0,58,53,56,64,69,122
1,0,7,49,0,4,49,11,0,54,56,60,67,65,121
1,0,7,49,0,3,47,13,0,51,56,59,69,64,120
0,0,7,43,0,1,57,12,0,58,50,51,62,70,120
1,0,11,41,1,2,55,10,0,58,52,54,62,68,121
0,0,9,51,1,2,47,12,0,49,60,62,72,61,122
2,0,10,46,1,3,50,11,0,55,56,59,67,66,123
1,0,8,44,1,3,51,15,0,55,52,55,67,70,123
1,0,9,45,1,2,49,14,0,52,54,56,68,66,121
2,0,8,44,0,3,55,10,0,60,52,55,62,70,122
1,0,0,51,0,3,52,14,0,56,51,54,65,70,121
0,0,8,41,1,5,55,14,0,60,49,54,63,74,124
0,0,12,45,1,4,51,10,0,55,57,61,67,65,123
1,0,8,49,1,4,48,12,0,53,57,61,69,65,123
0,0,11,46,0,4,50,11,0,54,57,61,68,65,122
0,0,8,50,0,3,49,12,0,52,58,61,70,64,122
1,0,7,47,0,3,53,11,0,57,54,57,65,68,122
2,0,7,47,1,4,49,13,0,55,54,58,67,68,123
1,0,6,50,1,2,52,9,0,55,56,58,65,64,121
1,0,8,50,1,3,53,7,0,57,58,61,65,64,123
1,0,8,47,1,3,54,9,0,58,55,58,64,67,123
0,0,7,48,0,2,51,12,0,53,55,57,67,65,120
1,0,8,46,0,5,52,11,0,58,54,59,65,69,123
0,0,8,48,0,5,50,13,0,55,56,61,69,68,124
1,0,11,44,0,4,49,13,0,54,55,59,68,67,122
2,0,10,46,1,2,51,9,0,55,56,58,65,64,121
1,0,8,50,1,4,52,9,0,57,58,62,67,66,125
1,0,8,50,1,1,48,13,0,50,58,59,71,63,122
1,0,7,51,1,2,49,11,0,52,58,60,69,63,122
1,0,7,51,1,2,46,13,0,49,58,60,71,62,121
1,0,0,53,1,1,55,11,0,57,53,54,64,68,122
2,0,9,46,1,3,49,12,0,54,55,58,67,66,122
1,0,11,47,0,4,49,11,0,54,58,62,69,65,123
1,0,6,52,1,4,48,11,0,53,58,62,69,64,123
1,0,9,47,0,4,51,11,0,56,56,60,67,67,123
0,0,9,45,1,4,53,11,0,57,54,58,65,68,123
1,0,9,49,0,2,50,10,0,53,58,60,68,63,121
1,0,7,45,0,4,53,12,0,58,52,56,64,70,122
1,0,7,47,1,4,54,8,0,59,54,58,62,67,122
1,0,9,42,0,3,57,9,0,61,51,54,60,70,121
1,0,6,48,1,3,52,12,0,56,54,57,66,68,123
1,0,11,43,0,1,45,19,0,47,54,55,73,66,120
1,0,11,42,0,5,56,9,0,62,53,58,62,71,124
1,0,11,42,0,1,54,11,0,56,53,54,64,67,120
1,0,7,50,0,3,51,11,0,55,57,60,68,66,123
1,0,8,48,1,2,50,11,0,53,56,58,67,64,121
2,0,8,45,1,3,51,11,0,56,53,56,64,67,121
1,0,0,57,1,3,51,11,0,55,57,60,68,66,124
1,0,9,48,0,4,49,12,0,54,57,61,69,66,123
0,0,7,49,0,4,51,10,0,55,56,60,66,65,121
2,0,8,45,0,3,54,10,0,59,53,56,63,69,122
1,0,10,48,0,3,46,14,0,50,58,61,72,64,122
1,0,9,46,0,4,53,11,0,58,55,59,66,69,124
0,0,8,47,0,2,56,8,0,58,55,57,63,66,121
1,0,8,46,1,3,54,10,0,58,54,57,64,68,123
1,0,7,49,1,4,46,16,0,51,56,60,72,67,124
1,0,7,48,1,3,52,11,0,56,55,58,66,67,123
1,0,7,44,1,3,57,9,0,61,51,54,60,70,122
2,0,12,45,0,3,47,11,0,52,57,60,68,63,120
0,0,10,53,1,3,48,7,0,51,63,66,70,58,122
1,0,13,43,1,2,51,12,0,54,56,58,68,66,123
1,0,8,47,1,2,54,9,0,57,55,57,64,66,122
1,0,8,48,1,3,49,13,0,53,56,59,69,66,123
1,0,8,52,0,4,48,11,0,53,60,64,71,64,124
1,0,13,40,0,3,55,9,0,59,53,56,62,68,121
1,0,7,50,0,3,51,10,0,55,57,60,67,65,122
1,0,0,56,0,5,52,10,0,58,56,61,66,68,124
0,0,10,44,1,5,55,10,0,60,54,59,64,70,125
1,0,7,47,1,3,49,15,0,53,54,57,69,68,123
1,0,8,46,0,4,55,8,0,60,54,58,62,68,122
2,0,10,40,0,2,54,12,0,58,50,52,62,70,120
0,0,9,49,0,1,51,10,0,52,58,59,68,62,120
1,0,8,47,1,2,52,11,0,55,55,57,66,66,122
1,0,9,43,0,1,53,13,0,55,52,53,65,68,120
1,0,0,58,1,3,51,10,0,55,58,61,68,65,124
0,0,10,46,1,2,48,15,0,50,56,58,71,65,122
2,0,7,47,0,3,52,10,0,57,54,57,64,67,121
1,0,8,50,0,2,50,9,0,53,58,60,67,62,120
1,0,0,52,1,3,54,11,0,58,52,55,63,69,122
1,0,9,47,0,4,52,11,0,57,56,60,67,68,124
1,0,9,39,1,0,59,13,0,60,48,48,61,73,122
1,0,8,46,0,3,49,13,0,53,54,57,67,66,120
1,0,9,46,0,2,50,12,0,53,55,57,67,65,120
1,0,8,48,0,4,51,12,0,56,56,60,68,68,124
0,0,8,52,1,3,51,8,0,54,60,63,68,62,123
1,0,9,45,1,4,52,9,0,57,54,58,63,66,121
0,0,7,47,0,2,55,10,0,57,54,56,64,67,121
1,0,0,51,0,3,57,9,0,61,51,54,60,70,121
1,0,9,48,0,2,54,8,0,57,57,59,65,65,122
1,0,8,48,0,3,50,12,0,54,56,59,68,66,122
1,0,10,44,1,3,52,11,0,56,54,57,65,67,122
1,0,9,51,0,1,47,11,0,49,60,61,71,60,120
2,0,0,46,0,4,54,14,0,60,46,50,60,74,120
0,0,8,47,0,3,52,11,0,55,55,58,66,66,121
1,0,7,50,0,2,47,14,0,50,57,59,71,64,121
1,0,9,43,0,5,52,14,0,58,52,57,66,72,124
1,0,9,43,0,4,51,16,0,56,52,56,68,72,124
1,0,7,48,1,3,54,9,0,58,55,58,64,67,123
1,0,10,44,1,3,50,15,0,54,54,57,69,69,124
1,0,8,47,1,4,45,18,0,50,55,59,73,68,124
2,0,8,45,1,2,53,10,0,57,53,55,63,67,121
0,0,10,44,1,4,52,13,0,56,54,58,67,69,124
1,0,13,46,1,4,50,8,0,55,59,63,67,63,123
0,0,7,50,0,3,53,8,0,56,57,60,65,64,121
1,0,7,44,1,4,56,12,0,61,51,55,63,73,125
0,0,7,44,1,4,54,13,0,58,51,55,64,71,123
0,0,8,49,1,2,54,8,0,56,57,59,65,64,122
1,0,0,53,0,5,54,11,0,60,53,58,64,71,124
2,0,7,44,0,4,54,12,0,60,51,55,63,72,123
1,0,7,50,0,5,47,11,0,53,57,62,68,64,121
1,0,7,49,1,4,46,14,0,51,56,60,70,65,122
1,0,7,50,1,2,50,10,0,53,57,59,67,63,121
0,0,9,48,1,3,54,8,0,57,57,60,65,65,123
0,0,11,48,0,3,47,12,0,50,59,62,71,62,121
1,0,0,52,0,4,52,12,0,57,52,56,64,69,121
2,0,7,45,1,3,51,14,0,56,52,55,66,70,123
1,0,0,55,1,2,55,9,0,58,55,57,64,67,123
1,0,6,52,0,5,47,12,0,53,58,63,70,65,123
1,0,8,49,0,1,53,8,0,55,57,58,65,63,120
1,0,10,43,0,2,51,15,0,54,53,55,68,69,122
2,0,9,47,1,4,49,11,0,55,56,60,67,66,123
2,0,10,45,0,3,50,12,0,55,55,58,67,67,122
3,0,7,51,0,2,49,9,0,54,58,60,67,63,121
1,0,8,48,0,2,46,16,0,49,56,58,72,65,121
1,0,7,49,0,2,47,15,0,50,56,58,71,65,121
1,0,10,51,0,3,44,12,0,48,61,64,73,60,121
1,0,8,45,1,2,56,8,0,59,53,55,61,67,121
1,0,0,55,0,4,50,12,0,55,55,59,67,67,122
0,0,6,53,0,4,47,10,0,51,59,63,69,61,120
1,0,8,52,1,2,49,10,0,52,60,62,70,62,123
1,0,0,54,0,3,55,9,0,59,54,57,63,68,122
1,0,12,43,0,4,50,12,0,55,55,59,67,67,122
1,0,14,41,0,1,53,10,0,55,55,56,65,65,120
1,0,8,46,0,4,55,9,0,60,54,58,63,69,123
1,0,7,51,1,2,52,7,0,55,58,60,65,62,121
0,0,7,49,1,3,50,12,0,53,56,59,68,65,122
1,0,8,46,0,5,51,14,0,57,54,59,68,71,125
1,0,10,39,1,5,58,10,0,64,49,54,59,74,124
0,0,11,49,0,4,50,9,0,54,60,64,69,63,123
1,0,0,51,1,4,57,11,0,62,51,55,62,73,125
1,0,9,47,0,6,51,12,0,58,56,62,68,70,126
1,0,0,49,1,3,51,17,0,55,49,52,66,72,122
1,0,9,47,0,4,51,12,0,56,56,60,68,68,124
0,0,9,47,0,3,50,12,0,53,56,59,68,65,121
0,0,0,53,0,5,48,17,0,53,53,58,70,70,123
1,0,10,45,0,2,50,12,0,53,55,57,67,65,120
1,0,8,47,0,3,52,9,0,56,55,58,64,65,120
2,0,8,45,1,2,54,10,0,58,53,55,63,68,122
1,0,9,48,0,3,48,12,0,52,57,60,69,64,121
2,0,9,49,0,2,49,10,0,53,58,60,68,63,121
1,0,10,47,0,3,49,12,0,53,57,60,69,65,122
1,0,8,45,1,5,57,9,0,63,53,58,62,72,126
1,0,7,49,1,2,49,13,0,52,56,58,69,65,122
1,0,7,46,1,4,55,10,0,60,53,57,63,70,124
0,0,7,49,0,4,48,12,0,52,56,60,68,64,120
1,0,0,54,0,3,53,9,0,57,54,57,63,66,120
0,0,10,43,0,1,57,9,0,58,53,54,62,67,120
1,0,7,51,0,3,45,14,0,49,58,61,72,63,121
4,0,10,45,1,2,52,8,0,58,55,57,63,66,122
1,0,8,52,0,4,46,11,0,51,60,64,71,62,122
1,0,0,56,1,3,52,11,0,56,56,59,67,67,124
1,0,7,49,0,3,53,9,0,57,56,59,65,66,122
1,0,11,42,1,1,53,12,0,55,53,54,65,67,121
0,0,0,58,1,2,50,10,0,52,58,60,68,62,121
1,0,6,47,1,4,53,12,0,58,53,57,65,70,124
1,0,10,43,1,2,52,14,0,55,53,55,67,69,123
1,0,10,44,0,0,53,12,0,54,54,54,66,66,120
1,0,8,48,1,2,52,10,0,55,56,58,66,65,122
0,0,9,46,0,5,51,13,0,56,55,60,68,69,124
1,0,6,47,0,4,55,9,0,60,53,57,62,69,122
1,0,9,51,1,4,45,12,0,50,60,64,72,62,123
2,0,8,46,1,4,51,12,0,57,54,58,66,69,124
0,0,8,43,1,4,53,13,0,57,51,55,64,70,122
1,0,10,46,1,2,48,12,0,51,56,58,68,63,120
1,0,7,44,0,4,53,14,0,58,51,55,65,72,123
1,0,10,44,0,3,52,13,0,56,54,57,67,69,123
1,0,8,49,0,2,50,10,0,53,57,59,67,63,120
0,0,7,49,1,2,51,11,0,53,56,58,67,64,121
2,0,0,53,1,5,52,11,0,59,53,58,64,70,124
0,0,10,47,1,4,48,13,0,52,57,61,70,65,123
0,0,7,44,0,3,58,8,0,61,51,54,59,69,120
0,0,9,47,0,3,49,12,0,52,56,59,68,64,120
1,0,7,47,1,3,55,10,0,59,54,57,64,69,124
1,0,7,50,1,6,54,7,0,61,57,63,64,68,126
0,0,8,48,0,3,52,11,0,55,56,59,67,66,122
0,0,0,52,1,2,55,11,0,57,52,54,63,68,121
1,0,8,51,0,3,49,11,0,53,59,62,70,64,123
1,0,7,44,1,3,55,13,0,59,51,54,64,72,124
2,0,8,45,0,3,54,8,0,59,53,56,61,67,120
2,0,8,51,1,2,51,7,0,55,59,61,66,62,122
1,0,10,45,0,2,53,10,0,56,55,57,65,66,121
1,0,8,46,0,2,54,9,0,57,54,56,63,66,120
2,0,7,46,1,4,52,10,0,58,53,57,63,68,122
0,0,9,47,0,2,53,10,0,55,56,58,66,65,121
1,0,7,54,1,2,44,12,0,47,61,63,73,59,121
0,0,8,51,0,2,51,8,0,53,59,61,67,61,120
0,0,9,48,0,3,51,11,0,54,57,60,68,65,122
1,0,11,44,0,3,51,13,0,55,55,58,68,68,123
1,0,11,46,0,3,47,14,0,51,57,60,71,65,122
2,0,8,46,1,4,49,14,0,55,54,58,68,69,124
0,0,13,47,0,2,49,10,0,51,60,62,70,61,121
4,0,9,46,0,2,52,8,0,58,55,57,63,66,121
2,0,9,46,0,3,51,11,0,56,55,58,66,67,122
0,0,8,51,0,4,51,9,0,55,59,63,68,64,123
1,0,9,45,1,3,53,11,0,57,54,57,65,68,123
1,0,7,49,0,6,54,9,0,61,56,62,65,70,126
1,0,7,48,0,2,51,13,0,54,55,57,68,67,122
1,0,12,41,0,3,52,14,0,56,53,56,67,70,123
1,0,7,46,1,2,54,12,0,57,53,55,65,69,123
2,0,10,47,1,3,49,11,0,54,57,60,68,65,123
1,0,8,47,1,3,49,14,0,53,55,58,69,67,123
1,0,11,43,1,4,53,11,0,58,54,58,65,69,124
1,0,0,55,1,2,52,12,0,55,55,57,67,67,123
0,0,12,42,0,3,48,17,0,51,54,57,71,68,122
1,0,7,53,1,4,47,10,0,52,60,64,70,62,123
0,0,0,52,0,2,56,10,0,58,52,54,62,68,120
1,0,0,48,0,4,57,12,0,62,48,52,60,74,122
1,0,9,45,0,3,48,14,0,52,54,57,68,66,120
1,0,9,44,0,4,55,10,0,60,53,57,63,70,123
0,0,8,48,1,1,51,12,0,52,56,57,68,64,121
0,0,11,46,1,3,55,7,0,58,57,60,64,65,123
2,0,8,48,1,2,51,10,0,55,56,58,66,65,122
1,0,7,45,0,1,57,9,0,59,52,53,61,68,120
0,0,7,51,0,3,50,11,0,53,58,61,69,64,122
1,0,10,47,0,3,53,8,0,57,57,60,65,65,122
3,0,9,47,1,2,49,10,0,54,56,58,66,64,121
2,0,9,48,1,3,52,8,0,57,57,60,65,65,123
1,0,6,50,0,3,53,10,0,57,56,59,66,67,123
1,0,12,47,1,4,51,8,0,56,59,63,67,64,124
1,0,0,57,0,4,51,8,0,56,57,61,65,64,121
1,0,8,51,1,0,53,8,0,54,59,59,67,62,122
0,0,9,45,1,4,49,13,0,53,54,58,67,66,121
1,0,7,47,1,2,54,10,0,57,54,56,64,67,122
1,0,9,54,0,1,45,11,0,47,63,64,74,58,121
1,0,9,45,1,4,52,12,0,57,54,58,66,69,124
1,0,9,48,0,2,52,9,0,55,57,59,66,64,121
1,0,9,46,0,4,52,11,0,57,55,59,66,68,123
1,0,8,49,1,2,50,11,0,53,57,59,68,64,122
1,0,0,54,1,3,54,11,0,58,54,57,65,69,124
1,0,11,40,1,3,54,13,0,58,51,54,64,71,123
2,0,10,48,1,3,52,7,0,57,58,61,65,64,123
1,0,10,47,0,4,50,10,0,55,57,61,67,65,122
1,0,11,44,0,3,52,9,0,56,55,58,64,65,120
1,0,10,53,0,2,43,12,0,46,63,65,75,58,121
2,0,8,43,1,4,54,13,0,60,51,55,64,73,125
1,0,10,48,0,2,50,10,0,53,58,60,68,63,121
0,0,7,51,1,6,48,12,0,54,58,64,70,66,125
1,0,8,50,1,1,49,11,0,51,58,59,69,62,121
1,0,9,45,1,3,51,13,0,55,54,57,67,68,123
0,0,6,48,1,4,51,13,0,55,54,58,67,68,123
1,0,10,46,0,3,52,9,0,56,56,59,65,65,121
1,0,7,51,0,4,48,12,0,53,58,62,70,65,123
1,0,10,46,1,4,51,11,0,56,56,60,67,67,124
2,0,10,48,1,6,51,8,0,59,58,64,66,67,126
3,0,7,45,0,2,50,14,0,55,52,54,66,69,121
1,0,7,52,1,2,52,8,0,55,59,61,67,63,123
1,0,10,44,2,5,49,13,0,55,54,59,67,68,124
2,0,8,43,0,5,53,13,0,60,51,56,64,73,124
0,0,0,54,0,3,51,12,0,54,54,57,66,66,120
0,0,7,45,1,4,55,11,0,59,52,56,63,70,123
0,0,8,49,0,4,53,8,0,57,57,61,65,65,122
1,0,9,49,0,6,51,10,0,58,58,64,68,68,126
3,0,11,43,1,2,51,11,0,56,54,56,65,67,122
0,0,6,50,0,3,48,15,0,51,56,59,71,66,122
1,0,6,49,0,3,54,9,0,58,55,58,64,67,122
1,0,9,46,0,2,53,10,0,56,55,57,65,66,121
1,0,11,47,1,2,51,9,0,54,58,60,67,63,122
1,0,7,49,1,2,54,8,0,57,56,58,64,65,122
0,0,11,45,0,3,54,9,0,57,56,59,65,66,122
1,0,7,48,0,4,49,13,0,54,55,59,68,67,122
1,0,8,44,1,3,54,12,0,58,52,55,64,70,123
1,0,0,54,0,3,53,12,0,57,54,57,66,69,123
1,0,8,50,0,0,53,8,0,54,58,58,66,62,120
1,0,8,45,1,1,56,10,0,58,53,54,63,68,122
1,0,0,51,1,3,56,11,0,60,51,54,62,71,123
1,0,7,49,0,4,52,10,0,57,56,60,66,67,123
0,0,9,47,0,4,54,9,0,58,56,60,65,67,123
1,0,10,46,0,1,51,11,0,53,56,57,67,64,120
1,0,7,50,1,2,49,12,0,52,57,59,69,64,122
0,0,8,46,1,2,55,9,0,57,54,56,63,66,121
2,0,10,46,0,2,50,11,0,54,56,58,67,65,121
1,0,6,45,1,2,54,14,0,57,51,53,65,71,123
1,0,10,44,1,2,49,14,0,52,54,56,68,66,121
1,0,9,42,0,2,54,12,0,57,51,53,63,69,120
0,0,8,45,0,3,52,13,0,55,53,56,66,68,121
1,0,12,44,0,5,47,14,0,53,56,61,70,67,123
1,0,10,45,0,2,56,7,0,59,55,57,62,66,121
1,0,7,47,0,4,51,13,0,56,54,58,67,69,123
1,0,11,46,0,6,49,12,0,56,57,63,69,68,125
1,0,8,41,1,5,56,12,0,62,49,54,61,74,124
1,0,8,52,0,3,45,12,0,49,60,63,72,61,121
1,0,7,51,0,4,52,8,0,57,58,62,66,65,123
1,0,0,50,0,2,54,13,0,57,50,52,63,70,120
1,0,0,55,1,5,50,9,0,56,55,60,64,65,121
1,0,9,46,0,3,53,10,0,57,55,58,65,67,122
0,0,9,46,0,2,55,9,0,57,55,57,64,66,121
1,0,8,53,1,3,45,13,0,49,61,64,74,62,124
1,0,7,49,1,4,50,11,0,55,56,60,67,66,123
0,0,10,51,1,4,47,11,0,51,61,65,72,62,124
1,0,11,43,0,3,54,12,0,58,54,57,66,70,124
1,0,9,48,1,2,52,8,0,55,57,59,65,63,121
1,0,12,43,1,2,49,13,0,52,55,57,68,65,121
0,0,8,45,1,1,56,10,0,57,53,54,63,67,121
1,0,7,49,1,3,48,14,0,52,56,59,70,66,123
1,0,7,49,0,3,50,12,0,54,56,59,68,66,122
2,0,9,45,1,3,51,12,0,56,54,57,66,68,123
0,0,7,51,0,5,50,10,0,55,58,63,68,65,123
5,0,7,51,1,4,46,10,0,55,58,62,68,65,124
2,0,0,52,1,3,51,14,0,56,52,55,66,70,123
0,0,9,47,1,3,55,8,0,58,56,59,64,66,123
1,0,8,45,1,4,55,10,0,60,53,57,63,70,124
1,0,7,46,0,2,52,12,0,55,53,55,65,67,120
1,0,6,50,0,4,50,12,0,55,56,60,68,67,123
2,0,8,47,0,2,51,11,0,55,55,57,66,66,121
1,0,8,49,0,3,53,9,0,57,57,60,66,66,123
1,0,10,48,0,4,47,14,0,52,58,62,72,66,124
2,0,10,50,1,4,48,8,0,54,60,64,68,62,123
2,0,7,52,1,4,48,7,0,54,59,63,66,61,121
1,0,9,47,0,3,50,10,0,54,56,59,66,64,120
0,0,7,52,1,3,48,10,0,51,59,62,69,61,121
0,0,9,48,0,2,50,11,0,52,57,59,68,63,120
1,0,11,46,0,4,49,12,0,54,57,61,69,66,123
1,0,7,43,0,4,58,10,0,63,50,54,60,73,123
1,0,9,43,1,4,51,15,0,56,52,56,67,71,124
1,0,8,47,1,3,51,12,0,55,55,58,67,67,123
0,0,10,45,0,2,53,11,0,55,55,57,66,66,121
0,0,7,49,0,2,51,11,0,53,56,58,67,64,120
2,0,9,46,1,1,50,12,0,53,55,56,67,65,121
1,0,7,49,0,2,52,9,0,55,56,58,65,64,120
2,0,9,46,0,2,53,9,0,57,55,57,64,66,121
1,0,0,55,1,4,53,8,0,58,55,59,63,66,122
1,0,10,47,1,3,49,11,0,53,57,60,68,64,122
1,0,9,46,0,2,52,10,0,55,55,57,65,65,120
0,0,14,43,0,3,51,10,0,54,57,60,67,64,121
1,0,10,49,0,2,49,10,0,52,59,61,69,62,121
1,0,8,49,0,4,51,10,0,56,57,61,67,66,123
1,0,7,49,1,2,51,11,0,54,56,58,67,65,122
0,0,9,44,0,2,49,16,0,51,53,55,69,67,120
0,0,8,44,0,2,54,14,0,56,52,54,66,70,122
1,0,12,40,0,3,52,13,0,56,52,55,65,69,121
1,0,7,52,1,3,47,13,0,51,59,62,72,64,124
1,0,9,49,0,3,51,8,0,55,58,61,66,63,121
0,0,7,53,0,5,48,10,0,53,60,65,70,63,123
1,0,9,47,1,4,47,12,0,52,56,60,68,64,121
1,0,7,48,1,3,52,11,0,56,55,58,66,67,123
1,0,11,41,0,2,54,11,0,57,52,54,63,68,120
1,0,10,44,0,4,52,12,0,57,54,58,66,69,123
0,0,8,50,1,2,52,9,0,54,58,60,67,63,122
0,0,7,54,1,3,49,8,0,52,61,64,69,60,122
1,0,8,48,0,2,52,9,0,55,56,58,65,64,120
2,0,11,45,1,3,48,13,0,53,56,59,69,66,123
0,0,11,45,1,3,54,9,0,57,56,59,65,66,123
1,0,9,45,1,3,53,11,0,57,54,57,65,68,123
1,0,8,49,1,4,47,14,0,52,57,61,71,66,124
1,0,9,46,1,2,53,11,0,56,55,57,66,67,123
1,0,6,44,1,3,57,11,0,61,50,53,61,72,123
1,0,8,45,0,3,55,9,0,59,53,56,62,68,121
1,0,7,57,1,5,45,8,0,51,64,69,72,59,124
1,0,9,45,1,2,53,11,0,56,54,56,65,67,122
0,0,6,48,0,4,50,15,0,54,54,58,69,69,123
1,0,7,49,1,3,52,9,0,56,56,59,65,65,122
1,0,7,46,1,4,54,11,0,59,53,57,64,70,124
1,0,10,47,1,3,47,12,0,51,57,60,69,63,121
0,0,0,52,0,3,52,14,0,55,52,55,66,69,121
1,0,7,48,1,5,59,5,0,65,55,60,60,70,126
1,0,7,54,1,2,46,11,0,49,61,63,72,60,122
1,0,8,46,0,3,48,15,0,52,54,57,69,67,121
4,0,8,44,0,4,53,10,0,61,52,56,62,71,123
3,0,15,43,0,3,49,9,0,55,58,61,67,64,122
1,0,6,51,0,4,48,12,0,53,57,61,69,65,122
0,0,8,44,1,4,54,13,0,58,52,56,65,71,124
1,0,9,45,1,5,53,10,0,59,54,59,64,69,124
1,0,7,46,1,4,49,14,0,54,53,57,67,68,122
2,0,10,45,1,3,49,13,0,54,55,58,68,67,123
1,0,0,53,0,3,57,8,0,61,53,56,61,69,122
3,0,9,47,1,4,49,9,0,56,56,60,65,65,122
1,0,7,46,1,4,53,13,0,58,53,57,66,71,125
0,0,11,45,1,1,47,16,0,48,56,57,72,64,121
0,0,8,47,1,3,55,8,0,58,55,58,63,66,122
1,0,10,43,1,2,56,10,0,59,53,55,63,69,123
1,0,0,56,0,3,54,7,0,58,56,59,63,65,121
2,0,9,49,1,5,50,8,0,57,58,63,66,65,124
2,0,7,46,1,4,49,13,0,55,53,57,66,68,122
1,0,10,50,1,3,50,8,0,54,60,63,68,62,123
0,0,6,50,0,5,47,16,0,52,56,61,72,68,124
0,0,7,44,1,2,58,9,0,60,51,53,60,69,121
1,0,7,44,1,2,55,12,0,58,51,53,63,70,122
1,0,14,41,0,2,51,12,0,54,55,57,67,66,121
1,0,11,47,1,3,46,13,0,50,58,61,71,63,122
1,0,8,45,0,4,50,15,0,55,53,57,68,70,123
1,0,7,47,1,3,53,11,0,57,54,57,65,68,123
0,0,10,48,1,3,53,7,0,56,58,61,65,63,122
1,0,8,45,0,4,55,10,0,60,53,57,63,70,123
1,0,8,44,0,2,54,12,0,57,52,54,64,69,121
1,0,8,48,0,5,49,12,0,55,56,61,68,67,123
0,0,8,46,0,3,48,15,0,51,54,57,69,66,120
1,0,7,45,1,4,57,8,0,62,52,56,60,70,123
1,0,7,53,1,3,44,12,0,48,60,63,72,60,121
1,0,9,47,0,2,49,13,0,52,56,58,69,65,121
1,0,9,45,1,3,53,12,0,57,54,57,66,69,124
1,0,7,49,0,3,50,11,0,54,56,59,67,65,121
1,0,0,50,1,4,56,12,0,61,50,54,62,73,124
1,0,8,48,1,3,51,10,0,55,56,59,66,65,122
0,0,11,46,1,4,47,12,0,51,57,61,69,63,121
0,0,8,46,0,2,57,8,0,59,54,56,62,67,121
1,0,8,45,0,5,54,11,0,60,53,58,64,71,124
1,0,7,47,1,4,53,11,0,58,54,58,65,69,124
1,0,9,45,0,3,52,13,0,56,54,57,67,69,123
0,0,10,42,1,3,56,11,0,59,52,55,63,70,123
1,0,8,53,0,2,44,13,0,47,61,63,74,60,121
1,0,7,48,1,4,54,9,0,59,55,59,64,68,124
1,0,8,45,0,4,49,14,0,54,53,57,67,68,121
1,0,0,56,1,2,53,9,0,56,56,58,65,65,122
1,0,0,52,1,4,56,9,0,61,52,56,61,70,123
0,0,8,52,0,3,49,10,0,52,60,63,70,62,122
1,0,9,43,1,4,55,11,0,60,52,56,63,71,124
0,0,8,48,1,4,50,12,0,54,56,60,68,66,123
0,0,8,48,1,4,49,14,0,53,56,60,70,67,124
0,0,9,52,1,0,48,11,0,48,61,61,72,59,121
2,0,6,48,0,3,52,9,0,57,54,57,63,66,120
1,0,9,47,0,2,47,16,0,50,56,58,72,66,122
3,0,9,47,1,1,51,9,0,55,56,57,65,64,121
1,0,9,45,1,3,54,9,0,58,54,57,63,67,122
1,0,11,45,1,3,45,16,0,49,56,59,72,65,122
1,0,10,40,1,4,58,10,0,63,50,54,60,73,124
1,0,11,47,1,3,50,10,0,54,58,61,68,64,123
1,0,7,47,0,3,47,16,0,51,54,57,70,67,121
1,0,8,47,0,3,50,12,0,54,55,58,67,66,121
1,0,7,52,1,4,51,8,0,56,59,63,67,64,124
0,0,8,53,0,5,48,10,0,53,61,66,71,63,124
3,0,8,50,0,1,46,12,0,50,58,59,70,62,120
1,0,8,45,0,3,54,11,0,58,53,56,64,69,122
1,0,8,52,1,5,45,10,0,51,60,65,70,61,122
1,0,8,49,1,4,49,13,0,54,57,61,70,67,125
3,0,9,46,1,3,49,11,0,55,55,58,66,66,122
1,0,8,49,1,4,48,13,0,53,57,61,70,66,124
1,0,10,44,0,1,52,12,0,54,54,55,66,66,120
0,0,8,46,1,4,48,15,0,52,54,58,69,67,122
1,0,11,41,1,2,53,13,0,56,52,54,65,69,122
1,0,6,48,1,4,54,10,0,59,54,58,64,69,124
1,0,11,45,1,3,53,9,0,57,56,59,65,66,123
1,0,11,40,1,2,55,12,0,58,51,53,63,70,122
1,0,11,46,0,3,49,11,0,53,57,60,68,64,121
2,0,10,46,1,4,50,10,0,56,56,60,66,66,123
1,0,7,52,0,3,43,17,0,47,59,62,76,64,123
3,0,7,46,1,4,49,13,0,56,53,57,66,69,123
1,0,9,46,1,4,49,15,0,54,55,59,70,69,125
1,0,8,47,0,4,51,11,0,56,55,59,66,67,122
2,0,7,49,1,1,50,11,0,53,56,57,67,64,121
1,0,9,47,1,3,53,9,0,57,56,59,65,66,123
2,0,0,53,1,2,52,12,0,56,53,55,65,68,122
1,0,0,55,0,3,51,12,0,55,55,58,67,67,122
1,0,7,46,0,3,55,9,0,59,53,56,62,68,121
1,0,9,48,0,3,47,12,0,51,57,60,69,63,120
1,0,9,48,1,2,49,12,0,52,57,59,69,64,122
1,0,9,44,1,3,55,10,0,59,53,56,63,69,123
1,0,9,45,1,4,52,12,0,57,54,58,66,69,124
1,0,8,49,1,5,50,11,0,56,57,62,68,67,125
1,0,8,46,1,2,53,10,0,56,54,56,64,66,121
1,0,7,47,1,4,53,11,0,58,54,58,65,69,124
1,0,6,52,1,6,44,14,0,51,58,64,72,65,124
2,0,6,51,0,3,49,11,0,54,57,60,68,65,122
1,0,7,48,1,4,52,10,0,57,55,59,65,67,123
1,0,10,48,0,2,48,12,0,51,58,60,70,63,121
1,0,10,43,0,4,53,11,0,58,53,57,64,69,122
1,0,6,44,1,3,55,12,0,59,50,53,62,71,122
1,0,7,52,0,4,52,8,0,57,59,63,67,65,124
1,0,7,48,1,3,46,16,0,50,55,58,71,66,122
1,0,12,47,0,4,48,10,0,53,59,63,69,63,122
1,0,10,39,0,3,56,12,0,60,49,52,61,72,121
0,0,11,44,1,3,52,10,0,55,55,58,65,65,121
1,0,6,55,1,3,50,8,0,54,61,64,69,62,124
1,0,9,44,0,5,54,12,0,60,53,58,65,72,125
1,0,7,47,0,4,54,10,0,59,54,58,64,69,123
1,0,7,49,1,2,50,13,0,53,56,58,69,66,123
1,0,8,50,0,3,49,12,0,53,58,61,70,65,123
1,0,8,46,0,4,53,13,0,58,54,58,67,71,125
0,0,7,46,1,4,56,10,0,60,53,57,63,70,124
0,0,9,49,1,2,49,11,0,51,58,60,69,62,121
3,0,7,44,0,4,52,13,0,59,51,55,64,72,123
1,0,9,49,0,5,50,10,0,56,58,63,68,66,124
0,0,0,53,0,4,53,10,0,57,53,57,63,67,120
0,0,10,48,0,4,52,9,0,56,58,62,67,65,123
1,0,12,41,1,4,56,9,0,61,53,57,62,70,124
1,0,7,56,0,4,45,10,0,50,63,67,73,60,123
1,0,9,44,1,5,53,12,0,59,53,58,65,71,125
1,0,7,45,1,3,52,16,0,56,52,55,68,72,125
1,0,7,47,0,6,49,10,0,56,54,60,64,66,120
2,0,8,51,0,3,52,6,0,57,59,62,65,63,122
1,0,8,46,1,4,54,10,0,59,54,58,64,69,124
0,0,7,55,1,3,48,9,0,51,62,65,71,60,123
1,0,7,48,0,3,50,13,0,54,55,58,68,67,122
1,0,7,48,0,2,52,11,0,55,55,57,66,66,121
1,0,0,55,0,3,51,10,0,55,55,58,65,65,120
1,0,8,44,1,4,54,12,0,59,52,56,64,71,124
2,0,10,45,0,4,51,10,0,57,55,59,65,67,122
0,0,8,51,0,4,50,10,0,54,59,63,69,64,123
1,0,0,52,1,4,54,10,0,59,52,56,62,69,122
1,0,10,47,1,3,50,11,0,54,57,60,68,65,123
0,0,6,53,0,3,52,8,0,55,59,62,67,63,122
1,0,7,49,1,5,49,13,0,55,56,61,69,68,125
1,0,7,51,0,6,49,10,0,56,58,64,68,66,124
1,0,8,44,0,2,52,13,0,55,52,54,65,68,120
6,0,6,42,1,5,54,10,0,65,48,53,58,75,124
1,0,0,52,1,3,55,10,0,59,52,55,62,69,122
1,0,9,46,0,3,53,10,0,57,55,58,65,67,122
1,0,6,53,0,3,49,10,0,53,59,62,69,63,122
1,0,12,45,0,5,51,11,0,57,57,62,68,68,125
2,0,10,48,0,2,46,12,0,50,58,60,70,62,120
0,0,7,49,1,3,51,12,0,54,56,59,68,66,123
0,0,7,49,0,4,49,13,0,53,56,60,69,66,122
1,0,9,47,1,3,49,12,0,53,56,59,68,65,122
1,0,9,46,1,3,52,11,0,56,55,58,66,67,123
1,0,7,56,1,3,44,11,0,48,63,66,74,59,123
1,0,11,43,1,6,50,13,0,57,54,60,67,70,125
1,0,7,45,0,4,54,10,0,59,52,56,62,69,121
1,0,0,51,0,3,57,9,0,61,51,54,60,70,121
1,0,7,50,1,2,47,15,0,50,57,59,72,65,123
1,0,9,47,0,2,52,9,0,55,56,58,65,64,120
1,0,7,47,0,4,55,8,0,60,54,58,62,68,122
2,0,12,44,1,3,48,12,0,53,56,59,68,65,122
1,0,7,51,0,3,50,9,0,54,58,61,67,63,121
1,0,10,40,0,4,58,10,0,63,50,54,60,73,123
1,0,10,44,0,4,54,9,0,59,54,58,63,68,122
1,0,9,46,1,4,50,13,0,55,55,59,68,68,124
1,0,9,47,1,2,52,11,0,55,56,58,67,66,123
1,0,8,45,0,2,51,14,0,54,53,55,67,68,121
1,0,6,46,0,2,55,10,0,58,52,54,62,68,120
1,0,9,46,0,3,51,10,0,55,55,58,65,65,120
1,0,0,51,1,4,50,16,0,55,51,55,67,71,123
0,0,8,43,0,2,59,9,0,61,51,53,60,70,121
2,0,8,48,0,2,52,8,0,56,56,58,64,64,120
1,0,8,53,0,4,45,10,0,50,61,65,71,60,121
1,0,10,40,0,4,56,9,0,61,50,54,59,70,120
1,0,10,47,0,3,49,11,0,53,57,60,68,64,121
1,0,8,49,1,3,51,9,0,55,57,60,66,64,122
1,0,10,49,0,2,50,9,0,53,59,61,68,62,121
1,0,11,45,1,5,52,10,0,58,56,61,66,68,125
1,0,9,48,0,4,52,9,0,57,57,61,66,66,123
1,0,0,56,0,3,53,9,0,57,56,59,65,66,122
1,0,7,48,0,3,55,7,0,59,55,58,62,66,121
5,0,10,42,0,2,53,9,0,60,52,54,61,69,121
1,0,8,48,1,4,50,10,0,55,56,60,66,65,122
0,0,10,44,0,2,51,13,0,53,54,56,67,66,120
1,0,9,46,1,3,50,11,0,54,55,58,66,65,121
1,0,8,49,0,3,50,9,0,54,57,60,66,63,120
1,0,7,50,0,3,53,8,0,57,57,60,65,65,122
1,0,13,44,0,2,49,11,0,52,57,59,68,63,120
1,0,7,46,1,4,53,12,0,58,53,57,65,70,124
1,0,7,49,1,3,53,9,0,57,56,59,65,66,123
1,0,9,47,1,2,49,13,0,52,56,58,69,65,122
0,0,9,51,0,4,48,10,0,52,60,64,70,62,122
1,0,10,47,1,5,49,13,0,55,57,62,70,68,126
1,0,9,44,0,5,53,13,0,59,53,58,66,72,125
1,0,10,46,1,3,48,14,0,52,56,59,70,66,123
1,0,8,48,0,2,48,14,0,51,56,58,70,65,121
3,0,6,49,0,2,45,15,0,50,55,57,70,65,120
1,0,9,48,0,3,47,14,0,51,57,60,71,65,122
1,0,7,48,0,3,54,10,0,58,55,58,65,68,123
1,0,11,46,1,4,49,8,0,54,57,61,65,62,120
1,0,0,49,0,4,57,13,0,62,49,53,62,75,124
2,0,8,46,0,3,53,10,0,58,54,57,64,68,122
1,0,7,51,0,3,46,13,0,50,58,61,71,63,121
1,0,11,42,1,3,54,11,0,58,53,56,64,69,123
2,0,7,52,1,3,48,8,0,53,59,62,67,61,121
1,0,12,41,0,3,56,10,0,60,53,56,63,70,123
2,0,8,45,0,3,53,10,0,58,53,56,63,68,121
3,0,8,45,0,3,52,11,0,58,53,56,64,69,122
1,0,13,43,1,4,55,7,0,60,56,60,63,67,124
0,0,0,55,1,4,50,13,0,54,55,59,68,67,123
1,0,7,51,1,3,50,9,0,54,58,61,67,63,122
1,0,11,45,0,3,52,10,0,56,56,59,66,66,122
0,0,8,47,1,4,51,13,0,55,55,59,68,68,124
0,0,9,45,1,2,51,14,0,53,54,56,68,67,122
1,0,8,43,1,2,56,10,0,59,51,53,61,69,121
2,0,7,54,1,4,49,7,0,55,61,65,68,62,124
2,0,6,48,1,2,53,9,0,57,54,56,63,66,121
1,0,9,43,1,3,53,13,0,57,52,55,65,70,123
1,0,11,48,1,5,49,11,0,55,59,64,70,66,126
1,0,7,52,1,3,47,10,0,51,59,62,69,61,121
1,0,11,45,0,2,51,11,0,54,56,58,67,65,121
1,0,8,47,1,3,52,10,0,56,55,58,65,66,122
1,0,8,51,0,4,50,8,0,55,59,63,67,63,122
3,0,8,49,0,3,49,10,0,55,57,60,67,65,122
1,0,9,46,0,1,53,11,0,55,55,56,66,66,121
1,0,8,47,1,4,48,12,0,53,55,59,67,65,121
2,0,8,51,0,2,51,7,0,55,59,61,66,62,121
1,0,10,41,0,4,54,14,0,59,51,55,65,73,124
1,0,10,48,1,2,52,9,0,55,58,60,67,64,123
0,0,8,50,0,5,44,16,0,49,58,63,74,65,123
1,0,8,47,1,4,55,8,0,60,55,59,63,68,124
1,0,8,47,1,3,51,11,0,55,55,58,66,66,122
0,0,9,46,0,4,50,14,0,54,55,59,69,68,123
1,0,7,50,1,4,49,11,0,54,57,61,68,65,123
1,0,7,53,0,4,48,10,0,53,60,64,70,63,123
1,0,0,57,1,5,49,12,0,55,57,62,69,67,125
1,0,11,47,0,2,48,12,0,51,58,60,70,63,121
0,0,9,45,1,2,56,9,0,58,54,56,63,67,122
1,0,6,47,0,1,57,8,0,59,53,54,61,67,120
0,0,11,45,0,3,52,11,0,55,56,59,67,66,122
0,0,9,49,1,4,49,11,0,53,58,62,69,64,123
1,0,8,44,1,3,55,12,0,59,52,55,64,71,124
0,0,0,51,1,3,55,12,0,58,51,54,63,70,122
0,0,9,51,1,3,51,8,0,54,60,63,68,62,123
1,0,8,43,1,2,53,13,0,56,51,53,64,69,121
1,0,11,40,0,2,52,15,0,55,51,53,66,70,121
2,0,8,49,1,1,49,10,0,52,57,58,67,62,120
0,0,8,47,1,3,51,13,0,54,55,58,68,67,123
0,0,8,46,1,2,52,12,0,54,54,56,66,66,121
2,0,10,48,1,4,47,11,0,53,58,62,69,64,123
1,0,7,47,4,6,48,8,0,55,54,60,62,63,121
1,0,9,44,1,2,53,12,0,56,53,55,65,68,122
1,0,8,45,1,4,53,12,0,58,53,57,65,70,124
1,0,6,48,0,4,55,10,0,60,54,58,64,70,124
1,0,9,47,1,4,47,12,0,52,56,60,68,64,121
1,0,9,46,0,3,50,12,0,54,55,58,67,66,121
1,0,0,50,0,3,56,10,0,60,50,53,60,70,120
3,0,9,42,0,2,53,11,0,58,51,53,62,69,120
0,0,11,42,1,4,51,15,0,55,53,57,68,70,124
1,0,7,45,1,5,54,11,0,60,52,57,63,71,124
1,0,8,48,0,1,51,12,0,53,56,57,68,65,121
1,0,10,42,0,6,56,11,0,63,52,58,63,74,126
1,0,11,41,1,3,54,12,0,58,52,55,64,70,123
1,0,16,42,1,5,48,12,0,54,58,63,70,66,125
1,0,7,46,1,3,53,11,0,57,53,56,64,68,122
1,0,7,44,1,4,56,9,0,61,51,55,60,70,122
1,0,13,39,0,4,50,16,0,55,52,56,68,71,123
1,0,9,40,0,3,56,13,0,60,49,52,62,73,122
0,0,13,40,1,2,55,11,0,57,53,55,64,68,122
1,0,10,49,1,4,49,10,0,54,59,63,69,64,124
1,0,9,47,1,4,51,12,0,56,56,60,68,68,125
2,0,9,45,1,4,52,11,0,58,54,58,65,69,124
1,0,8,50,1,3,50,9,0,54,58,61,67,63,122
1,0,11,47,0,2,46,14,0,49,58,60,72,63,121
0,0,8,49,1,4,51,11,0,55,57,61,68,66,124
1,0,11,40,1,3,58,8,0,62,51,54,59,70,122
1,0,13,46,0,3,47,12,0,51,59,62,71,63,122
1,0,9,49,1,4,46,14,0,51,58,62,72,65,124
2,0,8,46,1,2,55,8,0,59,54,56,62,67,122
2,0,9,51,1,3,47,10,0,52,60,63,70,62,123
1,0,8,45,0,3,54,11,0,58,53,56,64,69,122
1,0,7,48,1,2,54,9,0,57,55,57,64,66,122
1,0,9,41,1,5,55,12,0,61,50,55,62,73,124
0,0,0,57,0,4,52,10,0,56,57,61,67,66,123
1,0,8,50,1,3,45,13,0,49,58,61,71,62,121
0,0,9,42,1,2,57,11,0,59,51,53,62,70,122
2,0,8,46,0,2,55,8,0,59,54,56,62,67,121
1,0,10,45,0,4,51,13,0,56,55,59,68,69,124
1,0,6,51,0,2,50,11,0,53,57,59,68,64,121
1,0,10,44,1,2,55,9,0,58,54,56,63,67,122
1,0,8,53,1,4,45,11,0,50,61,65,72,61,123
0,0,7,47,0,2,53,12,0,55,54,56,66,67,121
0,0,6,49,0,3,53,10,0,56,55,58,65,66,121
1,0,7,49,1,2,52,10,0,55,56,58,66,65,122
0,0,0,51,0,4,58,9,0,62,51,55,60,71,122
1,0,9,49,1,3,50,10,0,54,58,61,68,64,123
1,0,10,47,1,2,45,15,0,48,57,59,72,63,121
0,0,13,43,0,2,48,14,0,50,56,58,70,64,120
1,0,8,46,0,3,53,9,0,57,54,57,63,66,120
1,0,7,51,0,2,49,11,0,52,58,60,69,63,121
1,0,7,50,1,3,53,9,0,57,57,60,66,66,124
1,0,0,48,1,3,57,12,0,61,48,51,60,73,122
0,0,10,49,0,3,49,9,0,52,59,62,68,61,120
1,0,9,46,0,4,48,15,0,53,55,59,70,68,123
1,0,6,49,0,3,51,12,0,55,55,58,67,67,122
1,0,7,47,1,4,50,14,0,55,54,58,68,69,124
1,0,6,45,1,2,54,12,0,57,51,53,63,69,121
1,0,10,49,0,3,48,11,0,52,59,62,70,63,122
1,0,7,46,1,3,50,14,0,54,53,56,67,68,122
0,0,11,44,1,3,53,11,0,56,55,58,66,67,123
1,0,0,53,1,5,51,12,0,57,53,58,65,69,123
0,0,8,51,0,3,49,11,0,52,59,62,70,63,122
1,0,8,51,1,3,43,15,0,47,59,62,74,62,122
1,0,8,49,0,3,49,10,0,53,57,60,67,63,120
1,0,8,45,0,3,53,13,0,57,53,56,66,70,123
1,0,9,49,1,5,48,12,0,54,58,63,70,66,125
0,0,8,46,1,3,54,10,0,57,54,57,64,67,122
2,0,7,49,0,2,49,12,0,53,56,58,68,65,121
1,0,7,51,0,5,49,10,0,55,58,63,68,65,123
1,0,6,46,0,3,53,11,0,57,52,55,63,68,120
1,0,7,53,0,5,48,10,0,54,60,65,70,64,124
1,0,7,48,0,3,52,12,0,56,55,58,67,68,123
2,0,10,41,1,3,54,12,0,59,51,54,63,71,123
0,0,0,51,1,3,59,9,0,62,51,54,60,71,123
2,0,7,49,0,1,52,9,0,55,56,57,65,64,120
1,0,10,47,0,2,52,9,0,55,57,59,66,64,121
1,0,8,47,0,3,55,8,0,59,55,58,63,67,122
0,0,10,49,0,3,49,11,0,52,59,62,70,63,122
1,0,8,43,1,3,58,9,0,62,51,54,60,71,123
1,0,12,47,0,4,47,12,0,52,59,63,71,64,123
1,0,0,55,1,4,54,8,0,59,55,59,63,67,123
2,0,14,40,0,1,53,10,0,56,54,55,64,66,120
1,0,6,49,0,1,53,11,0,55,55,56,66,66,121
1,0,11,42,0,2,52,12,0,55,53,55,65,67,120
1,0,7,51,1,5,46,12,0,52,58,63,70,64,123
1,0,10,41,0,2,51,16,0,54,51,53,67,70,121
1,0,8,46,1,4,52,13,0,57,54,58,67,70,125
1,0,13,41,1,4,53,12,0,58,54,58,66,70,125
1,0,9,45,1,2,54,10,0,57,54,56,64,67,122
1,0,7,44,0,3,58,9,0,62,51,54,60,71,122
2,0,7,47,1,3,53,10,0,58,54,57,64,68,123
1,0,9,47,1,1,50,13,0,52,56,57,69,65,122
2,0,9,48,0,3,48,11,0,53,57,60,68,64,121
1,0,8,47,1,4,52,11,0,57,55,59,66,68,124
0,0,9,44,0,3,53,12,0,56,53,56,65,68,121
2,0,9,47,1,3,51,9,0,56,56,59,65,65,122
0,0,7,52,0,0,53,8,0,53,59,59,67,61,120
1,0,8,48,0,3,52,10,0,56,56,59,66,66,122
1,0,0,57,1,3,50,10,0,54,57,60,67,64,122
1,0,10,46,0,3,53,10,0,57,56,59,66,67,123
1,0,7,50,1,2,50,12,0,53,57,59,69,65,123
1,0,8,44,0,3,56,10,0,60,52,55,62,70,122
1,0,8,50,1,4,53,8,0,58,58,62,66,66,125
1,0,9,46,1,2,53,11,0,56,55,57,66,67,123
2,0,13,46,0,3,50,8,0,55,59,62,67,63,122
1,0,8,48,0,4,48,15,0,53,56,60,71,68,124
1,0,7,54,0,2,49,8,0,52,61,63,69,60,121
1,0,0,54,1,2,49,15,0,52,54,56,69,67,122
0,0,0,55,1,2,52,11,0,54,55,57,66,65,121
1,0,9,42,0,3,56,11,0,60,51,54,62,71,122
1,0,7,50,1,2,51,9,0,54,57,59,66,63,121
1,0,8,46,0,3,56,8,0,60,54,57,62,68,122
1,0,14,42,1,3,51,10,0,55,56,59,66,65,122
2,0,10,48,0,2,48,11,0,52,58,60,69,63,121
7,0,9,38,0,2,53,12,0,62,47,49,59,74,121
0,0,9,47,0,4,51,11,0,55,56,60,67,66,122
1,0,6,46,1,3,56,10,0,60,52,55,62,70,123
1,0,9,48,1,2,47,12,0,50,57,59,69,62,120
1,0,9,45,1,5,53,9,0,59,54,59,63,68,123
1,0,9,49,1,2,51,10,0,54,58,60,68,64,123
1,0,7,48,1,4,53,10,0,58,55,59,65,68,124
1,0,10,46,0,3,49,13,0,53,56,59,69,66,122
1,0,11,46,0,4,46,16,0,51,57,61,73,67,124
1,0,7,51,0,6,45,15,0,52,58,64,73,67,125
1,0,7,50,1,2,52,8,0,55,57,59,65,63,121
2,0,9,48,0,3,49,9,0,54,57,60,66,63,120
1,0,7,48,1,2,55,9,0,58,55,57,64,67,123
1,0,7,47,1,4,50,13,0,55,54,58,67,68,123
0,0,0,52,1,4,52,15,0,56,52,56,67,71,124
2,0,7,45,1,4,53,9,0,59,52,56,61,68,121
0,0,0,56,1,3,52,11,0,55,56,59,67,66,123
1,0,7,46,1,5,57,8,0,63,53,58,61,71,125
1,0,12,39,1,5,51,16,0,57,51,56,67,73,125
1,0,6,51,0,2,52,8,0,55,57,59,65,63,120
0,0,9,49,0,5,46,14,0,51,58,63,72,65,123
1,0,8,46,1,3,51,11,0,55,54,57,65,66,121
2,0,9,43,1,4,54,11,0,60,52,56,63,71,124
1,0,7,44,1,4,53,15,0,58,51,55,66,73,125
0,0,0,54,1,5,52,9,0,57,54,59,63,66,121
1,0,10,46,0,4,50,13,0,55,56,60,69,68,124
1,0,9,45,1,1,57,7,0,59,54,55,61,66,121
1,0,7,46,1,4,53,13,0,58,53,57,66,71,125
1,0,8,47,0,4,47,16,0,52,55,59,71,68,123
1,0,10,46,1,3,50,11,0,54,56,59,67,65,122
1,0,8,49,0,3,51,10,0,55,57,60,67,65,122
1,0,7,49,0,5,50,12,0,56,56,61,68,68,124
1,0,7,49,0,4,51,12,0,56,56,60,68,68,124
0,0,10,48,1,3,48,13,0,51,58,61,71,64,123
0,0,7,49,1,3,50,11,0,53,56,59,67,64,121
1,0,6,49,1,2,52,10,0,55,55,57,65,65,121
1,0,7,51,0,3,48,11,0,52,58,61,69,63,121
1,0,10,47,0,2,46,15,0,49,57,59,72,64,121
1,0,7,48,0,4,51,10,0,56,55,59,65,66,121
0,0,11,48,0,3,48,11,0,51,59,62,70,62,121
1,0,8,51,1,2,46,13,0,49,59,61,72,62,122
0,0,9,48,0,5,51,10,0,56,57,62,67,66,123
0,0,12,45,0,2,46,16,0,48,57,59,73,64,121
2,0,10,47,1,2,49,11,0,53,57,59,68,64,122
2,0,7,48,1,5,51,11,0,58,55,60,66,69,125
0,0,8,47,0,3,52,11,0,55,55,58,66,66,121
1,0,9,45,1,1,55,10,0,57,54,55,64,67,122
1,0,8,47,1,5,51,11,0,57,55,60,66,68,124
1,0,9,49,1,4,50,10,0,55,58,62,68,65,124
1,0,7,46,0,4,53,13,0,58,53,57,66,71,124
1,0,9,43,0,2,54,11,0,57,52,54,63,68,120
1,0,8,46,0,2,50,14,0,53,54,56,68,67,121
1,0,9,46,1,1,52,11,0,54,55,56,66,65,121
0,0,11,45,1,3,52,10,0,55,56,59,66,65,122
1,0,0,54,1,3,48,14,0,52,54,57,68,66,121
1,0,8,55,1,3,46,10,0,50,63,66,73,60,124
1,0,8,48,1,3,52,9,0,56,56,59,65,65,122
1,0,12,46,0,4,47,15,0,52,58,62,73,67,125
1,0,12,43,0,2,49,13,0,52,55,57,68,65,120
2,0,6,52,1,3,50,7,0,55,58,61,65,62,121
1,0,0,51,0,4,56,11,0,61,51,55,62,72,123
1,0,9,49,1,3,49,12,0,53,58,61,70,65,124
1,0,9,47,1,5,52,10,0,58,56,61,66,68,125
1,0,8,50,1,3,51,8,0,55,58,61,66,63,122
2,0,6,51,1,3,49,9,0,54,57,60,66,63,121
1,0,8,44,1,3,55,10,0,59,52,55,62,69,122
0,0,7,47,0,3,51,13,0,54,54,57,67,67,121
1,0,7,47,0,3,54,10,0,58,54,57,64,68,122
2,0,10,46,0,5,52,8,0,59,56,61,64,67,123
1,0,11,45,1,3,52,10,0,56,56,59,66,66,123
0,0,9,47,0,2,50,12,0,52,56,58,68,64,120
1,0,8,50,1,3,52,7,0,56,58,61,65,63,122
1,0,7,46,1,2,54,11,0,57,53,55,64,68,122
1,0,0,52,1,2,60,6,0,63,52,54,58,69,122
1,0,8,47,0,2,49,13,0,52,55,57,68,65,120
1,0,9,47,1,4,52,9,0,57,56,60,65,66,123
1,0,8,47,1,1,53,10,0,55,55,56,65,65,121
5,0,10,43,1,2,53,8,0,60,53,55,61,68,122
1,0,9,43,1,3,52,14,0,56,52,55,66,70,123
1,0,7,46,0,3,54,12,0,58,53,56,65,70,123
0,0,10,50,0,4,46,10,0,50,60,64,70,60,120
1,0,0,51,1,4,54,13,0,59,51,55,64,72,124
1,0,10,46,0,4,55,8,0,60,56,60,64,68,124
1,0,9,48,0,3,49,12,0,53,57,60,69,65,122
1,0,10,48,0,3,47,12,0,51,58,61,70,63,121
1,0,8,53,1,4,48,10,0,53,61,65,71,63,125
1,0,0,54,0,3,50,12,0,54,54,57,66,66,120
0,0,9,45,1,3,51,13,0,54,54,57,67,67,122
0,0,7,46,0,4,56,10,0,60,53,57,63,70,123
0,0,10,45,1,4,55,9,0,59,55,59,64,68,124
0,0,7,50,1,6,49,11,0,55,57,63,68,66,124
1,0,8,52,1,3,48,11,0,52,60,63,71,63,124
1,0,7,48,1,2,51,12,0,54,55,57,67,66,122
0,0,7,55,1,2,48,8,0,50,62,64,70,58,121
1,0,10,48,0,2,46,14,0,49,58,60,72,63,121
2,0,10,47,0,3,49,9,0,54,57,60,66,63,120
0,0,0,53,1,3,55,10,0,58,53,56,63,68,122
1,0,9,52,1,2,46,12,0,49,61,63,73,61,123
1,0,7,45,0,2,56,10,0,59,52,54,62,69,121
1,0,7,52,1,2,43,16,0,46,59,61,75,62,122
1,0,11,47,1,4,45,13,0,50,58,62,71,63,122
0,0,6,51,0,3,48,14,0,51,57,60,71,65,122
1,0,8,50,0,3,51,8,0,55,58,61,66,63,121
1,0,7,49,1,4,53,8,0,58,56,60,64,66,123
1,0,9,47,0,3,49,11,0,53,56,59,67,64,120
0,0,9,46,1,3,51,12,0,54,55,58,67,66,122
1,0,0,54,0,2,52,12,0,55,54,56,66,67,121
1,0,7,51,1,2,50,10,0,53,58,60,68,63,122
1,0,9,41,0,3,57,11,0,61,50,53,61,72,122
0,0,7,48,0,0,54,11,0,54,55,55,66,65,120
0,0,6,51,0,3,49,13,0,52,57,60,70,65,122
1,0,9,49,1,3,50,10,0,54,58,61,68,64,123
1,0,11,48,1,3,48,10,0,52,59,62,69,62,122
1,0,9,41,0,4,54,13,0,59,50,54,63,72,122
3,0,8,42,0,5,53,14,0,61,50,55,64,75,125
0,0,8,49,1,1,49,13,0,50,57,58,70,63,121
1,0,9,43,1,3,59,7,0,63,52,55,59,70,123
0,0,8,48,1,3,51,12,0,54,56,59,68,66,123
0,0,9,46,0,4,53,10,0,57,55,59,65,67,122
1,0,7,48,0,2,50,12,0,53,55,57,67,65,120
0,0,8,47,0,2,51,12,0,53,55,57,67,65,120
0,0,9,46,1,4,56,7,0,60,55,59,62,67,123
1,0,8,46,1,3,54,9,0,58,54,57,63,67,122
0,0,12,46,1,3,50,9,0,53,58,61,67,62,121
1,0,8,46,1,2,48,15,0,51,54,56,69,66,121
2,0,12,45,1,2,48,12,0,52,57,59,69,64,122
1,0,9,44,0,3,53,11,0,57,53,56,64,68,121
0,0,9,45,1,2,55,10,0,57,54,56,64,67,122
1,0,8,47,1,3,50,13,0,54,55,58,68,67,123
0,0,8,47,0,1,54,10,0,55,55,56,65,65,120
1,0,7,50,0,4,50,11,0,55,57,61,68,66,123
0,0,7,47,0,4,51,13,0,55,54,58,67,68,122
1,0,13,45,0,5,48,12,0,54,58,63,70,66,124
0,0,6,53,1,2,51,8,0,53,59,61,67,61,121
1,0,8,49,1,4,43,18,0,48,57,61,75,66,124
1,0,14,42,1,2,49,13,0,52,56,58,69,65,122
1,0,8,49,0,5,50,7,0,56,57,62,64,63,120
1,0,10,45,1,2,53,9,0,56,55,57,64,65,121
2,0,9,41,1,4,53,14,0,59,50,54,64,73,124
0,0,6,53,1,3,51,7,0,54,59,62,66,61,121
0,0,9,49,1,4,47,13,0,51,58,62,71,64,123
0,0,0,55,1,3,51,10,0,54,55,58,65,64,120
0,0,8,47,0,2,51,13,0,53,55,57,68,66,121
1,0,10,45,0,5,48,11,0,54,55,60,66,65,120
1,0,7,51,1,4,50,10,0,55,58,62,68,65,124
1,0,8,42,0,2,57,11,0,60,50,52,61,71,121
1,0,8,47,1,1,53,11,0,55,55,56,66,66,122
2,0,9,46,1,2,48,14,0,52,55,57,69,66,122
0,0,7,47,1,4,51,14,0,55,54,58,68,69,124
1,0,0,59,0,3,47,13,0,51,59,62,72,64,123
1,0,7,51,1,3,52,8,0,56,58,61,66,64,123
1,0,9,48,1,1,51,11,0,53,57,58,68,64,122
1,0,6,51,0,2,48,13,0,51,57,59,70,64,121
1,0,8,46,1,3,50,14,0,54,54,57,68,68,123
1,0,7,51,0,1,46,14,0,48,58,59,72,62,120
1,0,7,46,0,2,53,11,0,56,53,55,64,67,120
1,0,10,43,1,2,54,12,0,57,53,55,65,69,123
1,0,6,45,1,5,57,9,0,63,51,56,60,72,124
1,0,13,40,0,2,52,12,0,55,53,55,65,67,120
0,0,8,54,1,3,48,8,0,51,62,65,70,59,122
1,0,7,51,0,3,48,11,0,52,58,61,69,63,121
1,0,9,43,1,2,55,10,0,58,52,54,62,68,121
1,0,10,44,1,4,54,10,0,59,54,58,64,69,124
1,0,7,49,1,2,53,8,0,56,56,58,64,64,121
1,0,8,50,1,3,49,11,0,53,58,61,69,64,123
0,0,9,49,1,3,48,12,0,51,58,61,70,63,122
1,0,9,47,0,3,53,9,0,57,56,59,65,66,122
1,0,6,45,1,4,55,10,0,60,51,55,61,70,122
1,0,8,47,0,3,55,9,0,59,55,58,64,68,123
1,0,0,48,0,2,60,10,0,63,48,50,58,73,121
1,0,6,52,1,3,50,10,0,54,58,61,68,64,123
1,0,10,45,1,3,52,11,0,56,55,58,66,67,123
1,0,8,49,0,3,51,10,0,55,57,60,67,65,122
0,0,8,48,0,3,49,14,0,52,56,59,70,66,122
1,0,9,47,1,1,51,10,0,53,56,57,66,63,120
1,0,7,47,1,3,53,9,0,57,54,57,63,66,121
1,0,9,45,0,3,54,9,0,58,54,57,63,67,121
1,0,11,49,1,2,49,9,0,52,60,62,69,61,122
1,0,7,46,1,2,52,12,0,55,53,55,65,67,121
1,0,12,45,0,6,47,14,0,54,57,63,71,68,125
1,0,10,49,1,3,50,9,0,54,59,62,68,63,123
1,0,10,51,1,5,42,15,0,48,61,66,76,63,125
0,0,10,46,0,3,53,10,0,56,56,59,66,66,122
0,0,9,46,1,3,52,12,0,55,55,58,67,67,123
1,0,8,44,1,1,51,15,0,53,52,53,67,68,121
1,0,10,44,1,3,51,11,0,55,54,57,65,66,121
1,0,8,47,0,3,49,13,0,53,55,58,68,66,121
1,0,7,50,0,2,52,10,0,55,57,59,67,65,122
1,0,7,51,1,2,51,11,0,54,58,60,69,65,124
1,0,0,51,0,5,55,8,0,61,51,56,59,69,120
1,0,10,50,1,2,48,10,0,51,60,62,70,61,122
0,0,10,48,0,4,43,18,0,47,58,62,76,65,123
1,0,8,49,0,3,48,13,0,52,57,60,70,65,122
1,0,9,47,0,4,54,8,0,59,56,60,64,67,123
1,0,11,42,1,5,57,9,0,63,53,58,62,72,126
1,0,9,50,0,3,51,9,0,55,59,62,68,64,123
1,0,8,46,0,3,48,16,0,52,54,57,70,68,122
0,0,8,44,0,4,56,11,0,60,52,56,63,71,123
1,0,8,48,0,2,49,13,0,52,56,58,69,65,121
1,0,8,52,1,4,47,9,0,52,60,64,69,61,122
3,0,9,47,1,4,46,13,0,53,56,60,69,66,123
1,0,9,43,0,5,54,11,0,60,52,57,63,71,123
2,0,8,45,1,2,54,9,0,58,53,55,62,67,121
0,0,8,48,1,4,52,10,0,56,56,60,66,66,123
0,0,10,52,0,2,43,14,0,45,62,64,76,59,121
1,0,9,45,0,3,50,14,0,54,54,57,68,68,122
1,0,9,45,0,1,54,11,0,56,54,55,65,67,121
1,0,0,52,0,3,52,12,0,56,52,55,64,68,120
1,0,8,49,0,0,49,14,0,50,57,57,71,64,121
1,0,8,52,1,4,47,8,0,52,60,64,68,60,121
1,0,13,44,0,5,52,8,0,58,57,62,65,66,123
0,0,9,46,0,3,52,11,0,55,55,58,66,66,121
1,0,8,43,1,3,56,10,0,60,51,54,61,70,122
6,0,8,43,1,4,47,15,0,57,51,55,66,72,124
1,0,8,47,1,3,53,10,0,57,55,58,65,67,123
1,0,9,49,0,5,48,11,0,54,58,63,69,65,123
0,0,9,51,0,4,48,10,0,52,60,64,70,62,122
1,0,6,50,0,4,53,8,0,58,56,60,64,66,122
1,0,8,47,0,4,56,6,0,61,55,59,61,67,122
1,0,7,49,1,2,53,10,0,56,56,58,66,66,123
1,0,0,51,0,5,52,11,0,58,51,56,62,69,120
5,0,6,53,1,3,47,8,0,55,59,62,67,63,123
1,0,10,45,1,3,52,10,0,56,55,58,65,66,122
0,0,12,43,1,4,52,13,0,56,55,59,68,69,125
1,0,8,47,0,1,42,21,0,44,55,56,76,65,120
2,0,12,42,0,3,50,13,0,55,54,57,67,68,122
1,0,8,49,1,1,50,11,0,52,57,58,68,63,121
1,0,0,54,1,3,53,11,0,57,54,57,65,68,123
3,0,10,47,1,4,48,11,0,55,57,61,68,66,124
1,0,9,50,0,2,50,9,0,53,59,61,68,62,121
2,0,9,49,0,3,45,13,0,50,58,61,71,63,121
1,0,8,47,0,5,49,10,0,55,55,60,65,65,120
1,0,6,52,1,3,51,8,0,55,58,61,66,63,122
1,0,9,46,1,2,52,12,0,55,55,57,67,67,123
2,0,7,46,1,2,55,8,0,59,53,55,61,67,121
1,0,8,48,0,3,52,8,0,56,56,59,64,64,120
1,0,10,46,1,4,50,13,0,55,56,60,69,68,125
1,0,11,46,0,2,52,10,0,55,57,59,67,65,122
0,0,7,46,0,4,53,12,0,57,53,57,65,69,122
1,0,12,40,0,3,55,11,0,59,52,55,63,70,122
1,0,7,52,1,3,51,8,0,55,59,62,67,63,123
4,0,8,42,0,3,57,8,0,64,50,53,58,72,122
0,0,8,51,1,3,46,12,0,49,59,62,71,61,121
1,0,8,49,1,2,51,11,0,54,57,59,68,65,123
1,0,8,47,0,2,49,14,0,52,55,57,69,66,121
3,0,7,47,0,3,51,10,0,57,54,57,64,67,121
1,0,11,48,1,3,48,11,0,52,59,62,70,63,123
1,0,8,51,1,5,45,11,0,51,59,64,70,62,122
1,0,6,46,1,3,51,13,0,55,52,55,65,68,121
1,0,9,46,0,1,52,11,0,54,55,56,66,65,120
0,0,8,45,1,2,52,14,0,54,53,55,67,68,122
1,0,16,39,0,4,54,9,0,59,55,59,64,68,123
1,0,9,52,1,2,45,11,0,48,61,63,72,59,121
1,0,8,42,0,3,48,20,0,52,50,53,70,72,122
1,0,9,45,0,1,55,9,0,57,54,55,63,66,120
0,0,6,50,1,2,50,12,0,52,56,58,68,64,121
1,0,8,48,1,2,53,9,0,56,56,58,65,65,122
2,0,10,42,0,2,54,10,0,58,52,54,62,68,120
2,0,10,47,1,2,46,13,0,50,57,59,70,63,121
0,0,7,46,1,4,51,15,0,55,53,57,68,70,124
1,0,8,42,1,2,59,9,0,62,50,52,59,71,122
2,0,8,47,0,4,47,14,0,53,55,59,69,67,122
3,0,15,37,0,0,55,10,0,58,52,52,62,68,120
1,0,7,51,1,3,46,13,0,50,58,61,71,63,122
1,0,9,50,1,2,50,9,0,53,59,61,68,62,122
1,0,12,47,0,2,48,10,0,51,59,61,69,61,120
1,0,9,47,0,4,46,17,0,51,56,60,73,68,124
3,0,13,45,1,3,48,10,0,54,58,61,68,64,123
2,0,0,46,0,4,57,13,0,63,46,50,59,76,122
1,0,9,47,1,1,52,10,0,54,56,57,66,64,121
0,0,9,52,0,4,44,14,0,48,61,65,75,62,123
0,0,11,46,1,3,50,12,0,53,57,60,69,65,123
1,0,10,43,0,2,56,9,0,59,53,55,62,68,121
1,0,10,47,0,1,51,11,0,53,57,58,68,64,121
2,0,7,47,0,2,51,11,0,55,54,56,65,66,120
0,0,8,54,0,4,46,10,0,50,62,66,72,60,122
0,0,8,48,0,1,54,9,0,55,56,57,65,64,120
0,0,7,48,1,4,50,14,0,54,55,59,69,68,124
2,0,10,43,1,3,53,10,0,58,53,56,63,68,122
1,0,7,51,0,3,51,8,0,55,58,61,66,63,121
2,0,11,47,0,2,51,8,0,55,58,60,66,63,121
1,0,10,44,0,4,54,10,0,59,54,58,64,69,123
1,0,9,49,1,5,50,11,0,56,58,63,69,67,126
1,0,7,52,0,5,51,9,0,57,59,64,68,66,125
1,0,8,54,0,5,45,11,0,51,62,67,73,62,124
1,0,7,47,0,4,52,13,0,57,54,58,67,70,124
1,0,0,54,1,5,48,13,0,54,54,59,67,67,122
1,0,9,43,0,5,57,9,0,63,52,57,61,72,124
1,0,9,50,1,0,49,11,0,50,59,59,70,61,121
1,0,11,44,0,5,48,16,0,54,55,60,71,70,125
1,0,7,49,0,5,55,7,0,61,56,61,63,68,124
1,0,10,43,0,2,52,13,0,55,53,55,66,68,121
1,0,8,50,0,2,52,8,0,55,58,60,66,63,121
0,0,8,47,0,6,52,7,0,58,55,61,62,65,120
1,0,7,48,0,2,47,16,0,50,55,57,71,66,121
1,0,7,46,1,2,54,10,0,57,53,55,63,67,121
1,0,7,50,1,4,52,8,0,57,57,61,65,65,123
1,0,9,47,0,2,50,11,0,53,56,58,67,64,120
1,0,8,44,0,2,56,9,0,59,52,54,61,68,120
1,0,9,47,1,3,50,12,0,54,56,59,68,66,123
0,0,8,45,0,5,51,14,0,56,53,58,67,70,123
3,0,12,44,0,2,47,12,0,52,56,58,68,64,120
2,0,9,46,1,3,49,10,0,54,55,58,65,64,120
2,0,8,42,1,3,51,16,0,56,50,53,66,72,123
1,0,12,47,1,4,52,8,0,57,59,63,67,65,125
1,0,9,47,0,3,49,13,0,53,56,59,69,66,122
1,0,9,42,0,3,54,12,0,58,51,54,63,70,121
1,0,14,44,0,3,50,11,0,54,58,61,69,65,123
1,0,7,49,1,3,53,9,0,57,56,59,65,66,123
0,0,6,47,1,2,55,11,0,57,53,55,64,68,122
0,0,0,52,0,2,55,11,0,57,52,54,63,68,120
1,0,7,47,0,2,54,9,0,57,54,56,63,66,120
1,0,0,53,0,5,53,12,0,59,53,58,65,71,124
1,0,8,48,1,4,54,8,0,59,56,60,64,67,124
0,0,10,46,0,3,53,10,0,56,56,59,66,66,122
1,0,7,50,0,4,53,9,0,58,57,61,66,67,124
1,0,7,53,0,2,44,14,0,47,60,62,74,61,121
1,0,9,44,0,2,54,12,0,57,53,55,65,69,122
0,0,9,48,0,4,52,10,0,56,57,61,67,66,123
1,0,6,54,1,3,44,12,0,48,60,63,72,60,121
1,0,10,42,0,3,53,11,0,57,52,55,63,68,120
1,0,8,48,0,3,52,9,0,56,56,59,65,65,121
1,0,7,45,0,4,51,14,0,56,52,56,66,70,122
1,0,9,45,1,5,51,13,0,57,54,59,67,70,125
1,0,14,40,1,4,53,11,0,58,54,58,65,69,124
1,0,10,49,1,4,44,16,0,49,59,63,75,65,125
1,0,0,55,0,3,50,11,0,54,55,58,66,65,120
1,0,8,50,0,6,48,11,0,55,58,64,69,66,124
1,0,6,51,0,3,42,18,0,46,57,60,75,64,121
1,0,8,49,1,4,48,14,0,53,57,61,71,67,125
1,0,8,44,1,4,53,11,0,58,52,56,63,69,122
1,0,8,46,1,2,51,13,0,54,54,56,67,67,122
1,0,8,48,0,4,48,15,0,53,56,60,71,68,124
0,0,9,45,0,4,50,15,0,54,54,58,69,69,123
1,0,8,49,1,3,51,9,0,55,57,60,66,64,122
1,0,7,51,0,3,51,9,0,55,58,61,67,64,122
1,0,7,45,1,3,55,10,0,59,52,55,62,69,122
1,0,8,50,0,5,45,12,0,51,58,63,70,63,121
1,0,8,48,1,3,53,9,0,57,56,59,65,66,123
1,0,7,55,0,3,46,10,0,50,62,65,72,60,122
1,0,7,52,1,6,48,9,0,55,59,65,68,64,124
0,0,9,48,0,4,54,6,0,58,57,61,63,64,121
0,0,7,51,1,4,47,14,0,51,58,62,72,65,124
1,0,10,38,1,4,54,15,0,59,48,52,63,74,123
1,0,11,40,0,4,54,13,0,59,51,55,64,72,123
0,0,7,50,1,3,51,10,0,54,57,60,67,64,122
1,0,9,48,0,4,49,11,0,54,57,61,68,65,122
1,0,8,52,1,3,48,9,0,52,60,63,69,61,122
2,0,8,46,1,2,52,10,0,56,54,56,64,66,121
1,0,10,48,1,2,48,13,0,51,58,60,71,64,123
1,0,7,52,0,2,51,8,0,54,59,61,67,62,121
1,0,7,50,1,3,52,8,0,56,57,60,65,64,122
1,0,8,49,1,0,50,13,0,51,57,57,70,64,122
1,0,6,52,1,2,51,9,0,54,58,60,67,63,122
1,0,7,49,0,2,51,10,0,54,56,58,66,64,120
1,0,9,47,0,3,50,11,0,54,56,59,67,65,121
1,0,10,44,0,5,54,9,0,60,54,59,63,69,123
1,0,9,49,1,4,49,10,0,54,58,62,68,64,123
1,0,8,49,1,2,48,13,0,51,57,59,70,64,122
1,0,10,43,1,2,58,8,0,61,53,55,61,69,123
1,0,7,47,0,2,53,11,0,56,54,56,65,67,121
1,0,7,52,0,2,46,12,0,49,59,61,71,61,120
0,0,7,52,0,5,48,12,0,53,59,64,71,65,124
0,0,10,51,1,2,49,9,0,51,61,63,70,60,122
1,0,7,46,1,2,51,14,0,54,53,55,67,68,122
1,0,6,46,1,4,45,19,0,50,52,56,71,69,122
0,0,10,46,0,2,50,13,0,52,56,58,69,65,121
1,0,11,43,0,3,49,14,0,53,54,57,68,67,121
0,0,6,50,1,4,55,7,0,59,56,60,63,66,123
0,0,6,45,1,4,55,11,0,59,51,55,62,70,122
0,0,11,45,0,4,53,10,0,57,56,60,66,67,123
2,0,8,47,1,2,54,8,0,58,55,57,63,66,122
1,0,9,45,0,1,53,12,0,55,54,55,66,67,121
1,0,8,46,0,2,55,9,0,58,54,56,63,67,121
2,0,12,43,0,5,51,11,0,58,55,60,66,69,124
1,0,10,46,1,3,45,16,0,49,56,59,72,65,122
1,0,11,42,1,1,54,11,0,56,53,54,64,67,121
1,0,8,45,1,6,54,10,0,61,53,59,63,71,125
1,0,10,45,1,3,49,12,0,53,55,58,67,65,121
1,0,10,44,0,5,50,15,0,56,54,59,69,71,125
1,0,9,47,1,4,51,12,0,56,56,60,68,68,125
1,0,10,43,1,4,49,15,0,54,53,57,68,69,123
3,0,8,46,1,3,55,7,0,61,54,57,61,68,123
3,0,11,44,1,3,50,11,0,56,55,58,66,67,123
1,0,8,49,0,2,51,10,0,54,57,59,67,64,121
1,0,7,48,0,2,47,15,0,50,55,57,70,65,120
1,0,8,52,0,5,47,10,0,53,60,65,70,63,123
1,0,8,47,1,2,52,11,0,55,55,57,66,66,122
1,0,7,52,1,4,48,11,0,53,59,63,70,64,124
1,0,7,49,1,1,54,9,0,56,56,57,65,65,122
1,0,7,49,1,2,50,12,0,53,56,58,68,65,122
0,0,9,48,0,2,47,14,0,49,57,59,71,63,120
0,0,9,46,1,4,53,11,0,57,55,59,66,68,124
1,0,8,48,0,4,50,12,0,55,56,60,68,67,123
1,0,8,45,0,3,50,14,0,54,53,56,67,68,121
2,0,7,50,1,4,47,10,0,53,57,61,67,63,121
2,0,9,43,0,3,52,13,0,57,52,55,65,70,122
1,0,0,56,0,2,53,10,0,56,56,58,66,66,122
1,0,7,46,1,5,55,11,0,61,53,58,64,72,126
1,0,7,47,1,3,50,14,0,54,54,57,68,68,123
1,0,11,44,0,1,54,9,0,56,55,56,64,65,120
2,0,11,46,0,4,48,11,0,54,57,61,68,65,122
1,0,12,42,2,3,49,13,0,53,54,57,67,66,122
2,0,9,50,0,5,49,9,0,56,59,64,68,65,124
0,0,8,46,1,3,54,11,0,57,54,57,65,68,123
1,0,10,46,0,3,52,9,0,56,56,59,65,65,121
1,0,8,47,0,1,48,15,0,50,55,56,70,65,120
1,0,8,47,1,3,54,9,0,58,55,58,64,67,123
2,0,6,47,0,3,53,9,0,58,53,56,62,67,120
1,0,9,43,0,3,56,11,0,60,52,55,63,71,123
1,0,6,47,0,5,54,12,0,60,53,58,65,72,125
1,0,0,53,0,4,47,15,0,52,53,57,68,67,120
1,0,12,44,1,4,51,11,0,56,56,60,67,67,124
2,0,7,50,1,3,49,10,0,54,57,60,67,64,122
0,0,8,47,0,2,52,12,0,54,55,57,67,66,121
1,0,11,43,1,2,48,16,0,51,54,56,70,67,122
1,0,9,48,0,3,51,10,0,55,57,60,67,65,122
0,0,6,54,1,4,48,8,0,52,60,64,68,60,121
0,0,11,47,0,3,48,12,0,51,58,61,70,63,121
0,0,10,44,1,6,50,14,0,56,54,60,68,70,125
1,0,10,46,0,2,52,9,0,55,56,58,65,64,120
1,0,9,44,1,4,56,9,0,61,53,57,62,70,124
1,0,11,41,0,2,54,12,0,57,52,54,64,69,121
1,0,7,48,1,2,54,9,0,57,55,57,64,66,122
1,0,10,43,1,4,49,16,0,54,53,57,69,70,124
1,0,10,48,1,2,48,13,0,51,58,60,71,64,123
1,0,7,52,0,3,48,10,0,52,59,62,69,62,121
1,0,7,48,0,4,46,16,0,51,55,59,71,67,122
1,0,9,49,0,2,49,10,0,52,58,60,68,62,120
1,0,8,47,1,2,50,14,0,53,55,57,69,67,123
0,0,0,55,1,3,50,12,0,53,55,58,67,65,121
2,0,12,46,1,3,47,11,0,52,58,61,69,63,122
0,0,9,50,1,2,47,11,0,49,59,61,70,60,120
4,0,7,42,1,3,54,11,0,61,49,52,60,72,122
1,0,9,44,0,5,56,9,0,62,53,58,62,71,124
0,0,11,42,1,2,54,12,0,56,53,55,65,68,122
1,0,8,42,1,2,53,15,0,56,50,52,65,71,122
2,0,10,47,1,3,48,11,0,53,57,60,68,64,122
1,0,11,46,1,2,50,11,0,53,57,59,68,64,122
1,0,8,46,1,1,51,13,0,53,54,55,67,66,121
1,0,8,47,0,3,51,12,0,55,55,58,67,67,122
1,0,7,50,1,4,49,12,0,54,57,61,69,66,124
1,0,10,47,0,1,48,13,0,50,57,58,70,63,120
2,0,0,49,1,4,50,15,0,56,49,53,64,71,121
1,0,8,50,0,4,49,9,0,54,58,62,67,63,121
0,0,7,52,1,5,51,8,0,56,59,64,67,64,124
1,0,8,49,1,3,51,9,0,55,57,60,66,64,122
1,0,7,45,0,4,54,11,0,59,52,56,63,70,122
1,0,12,45,1,3,51,10,0,55,57,60,67,65,123
1,0,11,43,1,3,47,17,0,51,54,57,71,68,123
1,0,8,45,1,3,53,10,0,57,53,56,63,67,121
0,0,7,46,1,3,55,10,0,58,53,56,63,68,122
1,0,8,51,0,4,47,11,0,52,59,63,70,63,122
1,0,7,51,1,4,44,14,0,49,58,62,72,63,122
2,0,0,53,0,3,53,9,0,58,53,56,62,67,120
1,0,9,39,1,4,57,14,0,62,48,52,62,76,125
1,0,8,44,0,2,56,10,0,59,52,54,62,69,121
1,0,6,46,1,4,56,10,0,61,52,56,62,71,124
1,0,0,53,1,2,49,15,0,52,53,55,68,67,121
1,0,0,54,0,3,57,8,0,61,54,57,62,69,123
1,0,8,42,1,5,57,11,0,63,50,55,61,74,125
1,0,0,53,0,3,54,11,0,58,53,56,64,69,122
0,0,9,46,1,2,54,8,0,56,55,57,63,64,120
1,0,0,55,1,3,52,9,0,56,55,58,64,65,121
1,0,11,46,1,3,50,11,0,54,57,60,68,65,123
1,0,11,43,1,4,51,13,0,56,54,58,67,69,124
1,0,8,46,1,4,48,14,0,53,54,58,68,67,122
1,0,14,43,1,2,48,14,0,51,57,59,71,65,123
1,0,8,48,1,3,49,12,0,53,56,59,68,65,122
1,0,8,45,1,1,52,13,0,54,53,54,66,67,121
1,0,9,41,0,2,58,11,0,61,50,52,61,72,122
1,0,8,47,1,2,53,9,0,56,55,57,64,65,121
1,0,10,46,1,3,49,12,0,53,56,59,68,65,122
1,0,11,45,1,3,52,9,0,56,56,59,65,65,122
1,0,6,51,0,2,54,8,0,57,57,59,65,65,122
1,0,7,50,1,3,51,10,0,55,57,60,67,65,123
2,0,11,48,0,3,49,9,0,54,59,62,68,63,122
0,0,10,50,1,5,51,8,0,56,60,65,68,64,125
1,0,6,49,0,4,50,10,0,55,55,59,65,65,120
0,0,7,54,1,4,49,8,0,53,61,65,69,61,123
2,0,10,44,0,3,54,8,0,59,54,57,62,67,121
0,0,8,49,1,2,52,10,0,54,57,59,67,64,122
1,0,9,49,0,4,49,11,0,54,58,62,69,65,123
0,0,7,54,0,2,49,9,0,51,61,63,70,60,121
1,0,13,44,1,4,51,10,0,56,57,61,67,66,124
0,0,11,49,1,2,47,12,0,49,60,62,72,61,122
0,0,0,56,0,2,52,10,0,54,56,58,66,64,120
1,0,0,51,0,4,55,9,0,60,51,55,60,69,120
1,0,7,47,1,3,47,17,0,51,54,57,71,68,123
1,0,7,51,1,2,50,10,0,53,58,60,68,63,122
1,0,9,48,0,2,50,11,0,53,57,59,68,64,121
1,0,0,53,0,3,52,11,0,56,53,56,64,67,120
1,0,10,47,0,2,50,11,0,53,57,59,68,64,121
1,0,7,47,1,2,52,12,0,55,54,56,66,67,122
1,0,10,45,1,4,51,13,0,56,55,59,68,69,125
1,0,8,51,0,0,49,11,0,50,59,59,70,61,120
1,0,10,45,1,2,53,11,0,56,55,57,66,67,123
1,0,11,45,1,2,53,9,0,56,56,58,65,65,122
1,0,0,53,1,4,55,10,0,60,53,57,63,70,124
1,0,10,46,1,4,52,10,0,57,56,60,66,67,124
0,0,6,51,0,2,46,15,0,48,57,59,72,63,120
1,0,6,49,0,3,50,11,0,54,55,58,66,65,120
0,0,7,49,1,5,53,9,0,58,56,61,65,67,124
1,0,8,45,0,4,50,14,0,55,53,57,67,69,122
1,0,10,42,1,1,54,12,0,56,52,53,64,68,121
0,0,8,46,1,4,52,12,0,56,54,58,66,68,123
1,0,9,47,1,2,55,8,0,58,56,58,64,66,123
1,0,0,60,0,3,49,9,0,53,60,63,69,62,122
0,0,8,48,0,3,49,13,0,52,56,59,69,65,121
0,0,7,49,0,5,55,8,0,60,56,61,64,68,124
0,0,0,55,0,3,53,9,0,56,55,58,64,65,120
1,0,11,44,0,3,53,10,0,57,55,58,65,67,122
2,0,9,47,1,3,50,11,0,55,56,59,67,66,123
1,0,8,45,1,3,50,15,0,54,53,56,68,69,123
2,0,8,48,0,3,51,10,0,56,56,59,66,66,122
1,0,11,47,1,5,47,13,0,53,58,63,71,66,125
1,0,8,50,1,2,50,10,0,53,58,60,68,63,122
1,0,0,55,1,3,49,14,0,53,55,58,69,67,123
1,0,10,46,0,3,50,11,0,54,56,59,67,65,121
2,0,9,48,1,3,48,11,0,53,57,60,68,64,122
1,0,9,40,0,3,58,11,0,62,49,52,60,73,122
1,0,8,41,0,2,54,15,0,57,49,51,64,72,121
1,0,8,46,0,4,56,7,0,61,54,58,61,68,122
0,0,7,52,1,1,48,12,0,49,59,60,71,61,121
1,0,0,59,0,4,45,12,0,50,59,63,71,62,121
0,0,9,47,1,3,49,13,0,52,56,59,69,65,122
0,0,7,49,1,3,48,13,0,51,56,59,69,64,121
1,0,9,49,0,2,47,12,0,50,58,60,70,62,120
1,0,8,50,1,5,50,10,0,56,58,63,68,66,125
1,0,11,40,1,3,53,13,0,57,51,54,64,70,122
0,0,8,54,1,3,44,12,0,47,62,65,74,59,122
1,0,9,44,0,5,55,11,0,61,53,58,64,72,125
0,0,7,51,0,3,50,10,0,53,58,61,68,63,121
1,0,7,50,1,3,50,10,0,54,57,60,67,64,122
2,0,14,39,1,5,55,9,0,62,53,58,62,71,125
1,0,9,44,1,3,55,11,0,59,53,56,64,70,124
1,0,8,46,0,4,54,9,0,59,54,58,63,68,122
1,0,9,45,1,4,53,11,0,58,54,58,65,69,124
1,0,7,45,0,5,52,10,0,58,52,57,62,68,120
1,0,0,59,0,4,51,7,0,56,59,63,66,63,122
1,0,7,54,1,2,46,10,0,49,61,63,71,59,121
2,0,8,49,1,4,48,11,0,54,57,61,68,65,123
0,0,7,44,1,2,58,9,0,60,51,53,60,69,121
1,0,7,47,0,5,52,9,0,58,54,59,63,67,121
1,0,7,49,0,4,51,10,0,56,56,60,66,66,122
1,0,7,46,0,4,54,10,0,59,53,57,63,69,122
1,0,8,47,0,3,50,14,0,54,55,58,69,68,123
1,0,7,50,0,3,50,10,0,54,57,60,67,64,121
1,0,7,50,0,2,50,11,0,53,57,59,68,64,121
2,0,9,44,0,3,51,12,0,56,53,56,65,68,121
2,0,6,46,1,2,55,10,0,59,52,54,62,69,122
1,0,8,48,1,3,50,11,0,54,56,59,67,65,122
1,0,10,46,1,3,49,12,0,53,56,59,68,65,122
1,0,7,45,1,5,51,15,0,57,52,57,67,72,125
2,0,9,46,0,4,51,11,0,57,55,59,66,68,123
1,0,8,45,1,5,50,13,0,56,53,58,66,69,123
1,0,8,48,1,2,48,13,0,51,56,58,69,64,121
1,0,8,48,0,2,51,12,0,54,56,58,68,66,122
1,0,6,51,0,2,48,13,0,51,57,59,70,64,121
1,0,8,45,0,2,53,13,0,56,53,55,66,69,122
1,0,8,47,0,2,53,11,0,56,55,57,66,67,122
1,0,8,46,1,4,50,15,0,55,54,58,69,70,125
2,0,9,41,0,1,53,14,0,56,50,51,64,70,120
2,0,9,44,1,3,53,11,0,58,53,56,64,69,123
0,0,9,49,0,2,47,14,0,49,58,60,72,63,121
1,0,10,45,0,5,50,11,0,56,55,60,66,67,122
1,0,7,49,1,5,47,13,0,53,56,61,69,66,123
2,0,11,43,0,2,54,9,0,58,54,56,63,67,121
1,0,9,48,0,2,48,13,0,51,57,59,70,64,121
1,0,10,48,1,4,49,11,0,54,58,62,69,65,124
0,0,10,51,1,2,46,11,0,48,61,63,72,59,121
1,0,7,43,0,2,53,16,0,56,50,52,66,72,122
1,0,0,54,0,0,58,8,0,59,54,54,62,67,121
1,0,9,46,1,1,53,10,0,55,55,56,65,65,121
1,0,10,47,1,4,52,8,0,57,57,61,65,65,123
1,0,6,49,1,2,52,11,0,55,55,57,66,66,122
1,0,9,44,1,1,56,10,0,58,53,54,63,68,122
1,0,8,50,1,2,51,9,0,54,58,60,67,63,122
0,0,9,51,1,4,49,9,0,53,60,64,69,62,123
1,0,12,46,1,6,53,8,0,60,58,64,66,68,127
2,0,9,45,1,4,50,10,0,56,54,58,64,66,121
1,0,9,43,1,2,53,13,0,56,52,54,65,69,122
1,0,0,53,0,3,53,12,0,57,53,56,65,69,122
1,0,7,54,0,4,47,10,0,52,61,65,71,62,123
2,0,8,42,0,4,55,12,0,61,50,54,62,73,123
3,0,10,46,0,4,52,8,0,59,56,60,64,67,123
1,0,6,52,1,3,44,14,0,48,58,61,72,62,121
1,0,0,57,0,3,49,11,0,53,57,60,68,64,121
0,0,8,50,1,3,50,10,0,53,58,61,68,63,122
1,0,12,45,0,3,48,11,0,52,57,60,68,63,120
0,0,7,48,0,4,52,10,0,56,55,59,65,66,121
1,0,8,43,1,2,58,11,0,61,51,53,62,72,124
1,0,9,46,1,2,53,10,0,56,55,57,65,66,122
1,0,9,48,1,4,51,9,0,56,57,61,66,65,123
1,0,11,44,1,3,51,12,0,55,55,58,67,67,123
1,0,12,42,0,2,53,12,0,56,54,56,66,68,122
0,0,8,49,0,5,53,8,0,58,57,62,65,66,123
3,0,12,44,1,3,51,9,0,57,56,59,65,66,123
1,0,9,44,0,5,54,12,0,60,53,58,65,72,125
1,0,10,45,0,4,51,13,0,56,55,59,68,69,124
1,0,10,48,1,4,50,11,0,55,58,62,69,66,125
0,0,7,47,0,4,54,10,0,58,54,58,64,68,122
0,0,12,44,1,1,52,11,0,53,56,57,67,64,121
1,0,8,44,1,4,55,11,0,60,52,56,63,71,124
1,0,9,48,0,3,48,12,0,52,57,60,69,64,121
1,0,7,46,1,3,55,9,0,59,53,56,62,68,122
0,0,9,45,0,5,51,14,0,56,54,59,68,70,124
0,0,7,50,1,4,51,9,0,55,57,61,66,64,122
0,0,7,52,1,4,52,7,0,56,59,63,66,63,123
1,0,7,51,0,2,48,11,0,51,58,60,69,62,120
4,0,8,46,1,0,53,9,0,57,54,54,63,66,121
3,0,9,46,1,1,54,7,0,58,55,56,62,65,121
1,0,8,48,0,3,51,12,0,55,56,59,68,67,123
1,0,7,51,0,2,49,11,0,52,58,60,69,63,121
1,0,0,51,0,3,53,13,0,57,51,54,64,70,121
1,0,9,48,0,3,49,12,0,53,57,60,69,65,122
1,0,8,51,0,3,51,8,0,55,59,62,67,63,122
1,0,12,41,0,4,53,10,0,58,53,57,63,68,121
0,0,6,52,1,4,46,12,0,50,58,62,70,62,121
1,0,8,51,1,4,48,10,0,53,59,63,69,63,123
1,0,8,52,0,3,47,10,0,51,60,63,70,61,121
2,0,10,46,1,2,49,11,0,53,56,58,67,64,121
0,0,8,49,1,3,53,9,0,56,57,60,66,65,123
1,0,11,46,0,3,48,13,0,52,57,60,70,65,122
1,0,7,47,1,3,48,16,0,52,54,57,70,68,123
1,0,8,45,0,3,54,11,0,58,53,56,64,69,122
1,0,7,48,1,5,48,15,0,54,55,60,70,69,125
1,0,6,49,1,3,53,10,0,57,55,58,65,67,123
2,0,8,42,0,3,56,11,0,61,50,53,61,72,122
1,0,6,47,0,3,54,12,0,58,53,56,65,70,123
1,0,8,46,1,1,55,9,0,57,54,55,63,66,121
0,0,11,49,1,2,51,8,0,53,60,62,68,61,122
1,0,7,52,0,5,47,11,0,53,59,64,70,64,123
0,0,7,47,0,3,55,9,0,58,54,57,63,67,121
1,0,9,45,1,2,54,9,0,57,54,56,63,66,121
1,0,0,49,0,5,57,11,0,63,49,54,60,74,123
1,0,7,45,0,2,55,11,0,58,52,54,63,69,121
1,0,9,46,1,1,52,12,0,54,55,56,67,66,122
1,0,8,54,1,2,45,10,0,48,62,64,72,58,121
2,0,7,49,1,3,53,7,0,58,56,59,63,65,122
4,0,8,42,1,4,53,11,0,61,50,54,61,72,123
0,0,0,53,0,0,55,12,0,55,53,53,65,67,120
1,0,11,44,1,2,51,12,0,54,55,57,67,66,122
1,0,8,49,0,4,56,6,0,61,57,61,63,67,124
0,0,11,43,0,4,56,9,0,60,54,58,63,69,123
1,0,8,49,0,3,50,11,0,54,57,60,68,65,122
1,0,7,45,1,3,55,12,0,59,52,55,64,71,124
1,0,0,53,0,3,51,14,0,55,53,56,67,69,122
0,0,7,49,0,3,54,9,0,57,56,59,65,66,122
1,0,0,50,1,3,57,10,0,61,50,53,60,71,122
2,0,6,49,1,5,51,11,0,58,55,60,66,69,125
1,0,8,44,0,2,56,10,0,59,52,54,62,69,121
1,0,10,45,0,4,47,14,0,52,55,59,69,66,121
0,0,0,54,1,3,53,12,0,56,54,57,66,68,123
1,0,9,44,0,3,55,9,0,59,53,56,62,68,121
3,0,13,43,0,3,50,10,0,56,56,59,66,66,122
1,0,0,51,1,5,56,9,0,62,51,56,60,71,123
1,0,10,49,1,2,47,13,0,50,59,61,72,63,123
1,0,9,48,1,2,52,9,0,55,57,59,66,64,122
0,0,9,44,1,2,50,15,0,52,53,55,68,67,121
1,0,9,43,0,4,57,9,0,62,52,56,61,71,123
1,0,10,48,0,2,52,10,0,55,58,60,68,65,123
1,0,10,43,0,4,52,13,0,57,53,57,66,70,123
1,0,10,49,1,3,49,9,0,53,59,62,68,62,122
1,0,8,47,0,2,50,12,0,53,55,57,67,65,120
1,0,7,50,0,4,52,9,0,57,57,61,66,66,123
1,0,10,46,0,2,48,14,0,51,56,58,70,65,121
2,0,8,49,1,4,53,7,0,59,57,61,64,66,124
0,0,7,52,0,2,48,12,0,50,59,61,71,62,121
0,0,0,52,0,4,59,8,0,63,52,56,60,71,123
3,0,7,45,1,2,52,11,0,57,52,54,63,68,121
1,0,6,52,0,3,46,14,0,50,58,61,72,64,122
1,0,7,47,0,4,52,12,0,57,54,58,66,69,123
3,0,6,46,1,2,53,10,0,58,52,54,62,68,121
1,0,11,44,1,2,53,10,0,56,55,57,65,66,122
0,0,7,47,1,3,53,10,0,56,54,57,64,66,121
2,0,9,44,0,4,56,7,0,62,53,57,60,69,122
1,0,7,42,1,3,60,9,0,64,49,52,58,73,123
1,0,7,51,1,4,51,9,0,56,58,62,67,65,124
4,0,9,45,1,3,48,13,0,55,54,57,67,68,123
1,0,9,47,1,3,48,13,0,52,56,59,69,65,122
1,0,9,43,0,3,54,11,0,58,52,55,63,69,121
0,0,7,47,0,4,48,17,0,52,54,58,71,69,123
1,0,7,47,0,3,51,12,0,55,54,57,66,67,121
1,0,12,44,1,4,47,13,0,52,56,60,69,65,122
1,0,0,54,1,5,51,10,0,57,54,59,64,67,122
0,0,9,49,0,5,48,11,0,53,58,63,69,64,122
1,0,6,57,1,4,44,9,0,49,63,67,72,58,122
0,0,9,50,0,3,50,10,0,53,59,62,69,63,122
1,0,8,51,0,2,48,11,0,51,59,61,70,62,121
1,0,8,47,0,2,54,8,0,57,55,57,63,65,120
3,0,7,45,0,3,55,9,0,61,52,55,61,70,122
1,0,9,46,0,3,54,10,0,58,55,58,65,68,123
1,0,8,49,0,5,49,11,0,55,57,62,68,66,123
2,0,8,50,0,4,47,11,0,53,58,62,69,64,122
0,0,10,47,0,4,48,13,0,52,57,61,70,65,122
1,0,7,46,0,5,50,13,0,56,53,58,66,69,122
1,0,6,45,0,2,54,12,0,57,51,53,63,69,120
1,0,6,46,0,3,53,12,0,57,52,55,64,69,121
1,0,8,46,1,5,49,16,0,55,54,59,70,71,126
1,0,8,43,1,4,53,14,0,58,51,55,65,72,124
1,0,8,53,1,2,42,15,0,45,61,63,76,60,122
1,0,6,48,0,4,52,11,0,57,54,58,65,68,122
1,0,0,61,0,2,46,11,0,49,61,63,72,60,121
1,0,7,51,0,4,47,13,0,52,58,62,71,65,123
1,0,7,46,0,3,52,13,0,56,53,56,66,69,122
1,0,0,55,1,3,53,11,0,57,55,58,66,68,124
1,0,10,45,0,1,53,10,0,55,55,56,65,65,120
0,0,7,44,1,4,59,8,0,63,51,55,59,71,123
1,0,10,47,1,3,51,9,0,55,57,60,66,64,122
1,0,7,48,1,1,54,9,0,56,55,56,64,65,121
1,0,7,50,1,4,47,15,0,52,57,61,72,67,125
1,0,9,51,1,2,44,14,0,47,60,62,74,61,122
1,0,0,54,1,2,53,10,0,56,54,56,64,66,121
2,0,11,42,0,2,53,10,0,57,53,55,63,67,120
0,0,8,39,1,3,59,10,0,62,47,50,57,72,120
1,0,8,47,0,2,51,12,0,54,55,57,67,66,121
0,0,10,46,0,3,52,11,0,55,56,59,67,66,122
0,0,12,48,1,3,47,12,0,50,60,63,72,62,123
1,0,6,51,1,4,50,11,0,55,57,61,68,66,124
3,0,9,44,0,5,51,10,0,59,53,58,63,69,122
1,0,9,43,1,3,56,11,0,60,52,55,63,71,124
1,0,6,49,0,4,52,11,0,57,55,59,66,68,123
1,0,7,46,0,3,54,10,0,58,53,56,63,68,121
1,0,0,53,1,3,54,11,0,58,53,56,64,69,123
2,0,14,43,1,2,49,11,0,53,57,59,68,64,122
1,0,9,46,1,4,50,11,0,55,55,59,66,66,122
1,0,8,52,0,4,49,8,0,54,60,64,68,62,122
3,0,7,40,0,3,57,12,0,63,47,50,59,75,122
1,0,8,45,1,4,55,10,0,60,53,57,63,70,124
1,0,10,50,0,3,49,8,0,53,60,63,68,61,121
0,0,0,52,0,3,55,12,0,58,52,55,64,70,122
1,0,8,46,1,3,52,11,0,56,54,57,65,67,122
0,0,8,46,0,4,55,10,0,59,54,58,64,69,123
1,0,8,43,0,4,55,12,0,60,51,55,63,72,123
1,0,12,43,0,3,51,12,0,55,55,58,67,67,122
0,0,7,46,1,4,58,7,0,62,53,57,60,69,123
0,0,8,47,0,2,52,11,0,54,55,57,66,65,120
0,0,0,52,1,3,57,9,0,60,52,55,61,69,122
1,0,8,46,0,2,55,8,0,58,54,56,62,66,120
1,0,8,45,1,4,57,8,0,62,53,57,61,70,124
2,0,11,45,0,3,51,10,0,56,56,59,66,66,122
0,0,7,42,1,3,54,14,0,57,49,52,63,71,121
1,0,7,51,0,3,49,11,0,53,58,61,69,64,122
1,0,7,48,0,5,49,14,0,55,55,60,69,69,124
1,0,0,54,1,3,50,14,0,54,54,57,68,68,123
1,0,8,45,0,4,51,13,0,56,53,57,66,69,122
1,0,8,49,0,3,52,9,0,56,57,60,66,65,122
1,0,8,46,0,4,53,12,0,58,54,58,66,70,124
0,0,11,44,0,4,53,11,0,57,55,59,66,68,123
1,0,7,43,0,7,48,14,0,56,50,57,64,70,120
1,0,10,48,1,3,53,7,0,57,58,61,65,64,123
1,0,8,50,0,3,46,13,0,50,58,61,71,63,121
1,0,9,51,0,3,51,8,0,55,60,63,68,63,123
1,0,10,45,0,3,54,10,0,58,55,58,65,68,123
1,0,9,43,0,3,49,15,0,53,52,55,67,68,120
1,0,9,41,1,2,56,12,0,59,50,52,62,71,122
0,0,10,45,1,3,50,14,0,53,55,58,69,67,123
0,0,6,47,0,3,53,11,0,56,53,56,64,67,120
4,0,10,38,0,3,56,11,0,63,48,51,59,74,122
0,0,11,43,0,2,55,10,0,57,54,56,64,67,121
1,0,0,54,1,3,54,8,0,58,54,57,62,66,121
1,0,8,48,1,3,48,15,0,52,56,59,71,67,124
1,0,8,49,0,3,51,8,0,55,57,60,65,63,120
0,0,9,46,0,3,49,15,0,52,55,58,70,67,122
0,0,10,42,0,3,55,12,0,58,52,55,64,70,122
1,0,7,47,1,5,53,11,0,59,54,59,65,70,125
0,0,0,52,0,2,53,14,0,55,52,54,66,69,121
0,0,8,47,1,3,54,10,0,57,55,58,65,67,123
1,0,7,51,0,3,48,11,0,52,58,61,69,63,121
1,0,8,48,0,2,53,9,0,56,56,58,65,65,121
1,0,8,51,1,3,49,11,0,53,59,62,70,64,124
1,0,11,42,1,4,53,12,0,58,53,57,65,70,124
1,0,0,54,0,5,55,10,0,61,54,59,64,71,125
1,0,8,48,1,4,54,9,0,59,56,60,65,68,125
1,0,10,47,0,4,51,8,0,56,57,61,65,64,121
1,0,11,47,1,2,48,13,0,51,58,60,71,64,123
1,0,7,49,1,2,52,11,0,55,56,58,67,66,123
1,0,6,48,1,3,50,12,0,54,54,57,66,66,121
0,0,7,44,1,2,55,13,0,57,51,53,64,70,122
0,0,0,50,1,3,58,11,0,61,50,53,61,72,123
3,0,10,45,0,2,51,10,0,56,55,57,65,66,121
1,0,9,47,1,4,53,9,0,58,56,60,65,67,124
0,0,8,48,1,3,52,11,0,55,56,59,67,66,123
0,0,8,55,0,4,47,8,0,51,63,67,71,59,122
1,0,7,54,1,2,47,10,0,50,61,63,71,60,122
1,0,12,45,1,3,52,9,0,56,57,60,66,65,123
1,0,8,50,0,2,46,13,0,49,58,60,71,62,120
0,0,8,49,0,2,55,7,0,57,57,59,64,64,121
1,0,7,48,1,4,53,11,0,58,55,59,66,69,125
1,0,11,43,1,2,51,12,0,54,54,56,66,66,121
1,0,0,54,1,5,54,10,0,60,54,59,64,70,125
1,0,8,51,0,3,47,11,0,51,59,62,70,62,121
0,0,12,46,0,3,51,10,0,54,58,61,68,64,122
1,0,6,46,0,3,50,14,0,54,52,55,66,68,120
0,0,10,49,1,3,50,10,0,53,59,62,69,63,123
1,0,8,45,0,4,54,11,0,59,53,57,64,70,123
1,0,0,49,1,3,57,11,0,61,49,52,60,72,122
1,0,9,47,1,4,53,10,0,58,56,60,66,68,125
1,0,9,45,1,1,54,9,0,56,54,55,63,65,120
0,0,9,44,0,3,53,12,0,56,53,56,65,68,121
0,0,8,44,0,3,55,12,0,58,52,55,64,70,122
1,0,9,48,1,3,49,11,0,53,57,60,68,64,122
1,0,11,44,1,5,55,9,0,61,55,60,64,70,126
3,0,6,52,0,5,49,7,0,57,58,63,65,64,122
1,0,15,40,1,0,53,12,0,54,55,55,67,66,122
1,0,9,44,1,2,52,13,0,55,53,55,66,68,122
2,0,7,49,0,5,50,7,0,57,56,61,63,64,120
1,0,6,49,1,4,51,13,0,56,55,59,68,69,125
1,0,12,44,0,4,51,11,0,56,56,60,67,67,123
1,0,12,42,1,2,50,14,0,53,54,56,68,67,122
0,0,9,47,0,5,53,10,0,58,56,61,66,68,124
1,0,8,51,0,5,48,12,0,54,59,64,71,66,125
1,0,10,44,1,5,50,13,0,56,54,59,67,69,124
1,0,8,48,0,2,53,8,0,56,56,58,64,64,120
0,0,7,46,0,2,54,11,0,56,53,55,64,67,120
1,0,8,47,1,2,53,11,0,56,55,57,66,67,123
1,0,6,51,1,5,47,11,0,53,57,62,68,64,122
1,0,9,47,0,4,53,9,0,58,56,60,65,67,123
0,0,8,47,0,2,51,12,0,53,55,57,67,65,120
1,0,8,49,0,4,50,10,0,55,57,61,67,65,122
1,0,0,52,1,3,54,11,0,58,52,55,63,69,122
1,0,11,48,0,2,47,12,0,50,59,61,71,62,121
1,0,7,51,0,3,52,9,0,56,58,61,67,65,123
3,0,13,43,0,3,50,10,0,56,56,59,66,66,122
1,0,10,42,1,1,57,10,0,59,52,53,62,69,122
1,0,14,41,1,3,48,13,0,52,55,58,68,65,121
1,0,12,45,1,2,48,15,0,51,57,59,72,66,124
0,0,14,45,0,4,46,13,0,50,59,63,72,63,122
1,0,8,43,1,5,54,14,0,60,51,56,65,74,126
1,0,7,43,1,6,52,11,0,59,50,56,61,70,121
0,0,0,52,0,3,53,14,0,56,52,55,66,70,122
1,0,7,47,1,4,52,12,0,57,54,58,66,69,124
1,0,0,55,1,4,50,11,0,55,55,59,66,66,122
1,0,7,49,0,3,51,10,0,55,56,59,66,65,121
0,0,8,46,1,5,56,9,0,61,54,59,63,70,125
1,0,9,44,1,3,51,13,0,55,53,56,66,68,122
1,0,8,49,0,2,49,12,0,52,57,59,69,64,121
2,0,0,55,1,4,55,7,0,61,55,59,62,68,124
2,0,8,49,1,3,47,11,0,52,57,60,68,63,121
0,0,7,49,1,2,54,9,0,56,56,58,65,65,122
1,0,0,50,0,3,54,13,0,58,50,53,63,71,121
1,0,8,40,1,3,58,13,0,62,48,51,61,75,124
0,0,8,48,1,3,50,13,0,53,56,59,69,66,123
1,0,0,57,1,4,51,8,0,56,57,61,65,64,122
1,0,6,50,0,4,51,11,0,56,56,60,67,67,123
0,0,8,49,1,3,52,10,0,55,57,60,67,65,123
3,0,12,39,0,3,53,12,0,59,51,54,63,71,122
1,0,9,45,1,4,49,16,0,54,54,58,70,70,125
1,0,0,54,1,3,53,11,0,57,54,57,65,68,123
1,0,11,44,1,5,51,12,0,57,55,60,67,69,125
1,0,7,46,1,3,52,12,0,56,53,56,65,68,122
1,0,10,44,0,3,54,11,0,58,54,57,65,69,123
3,0,9,43,0,3,55,9,0,61,52,55,61,70,122
1,0,6,53,1,4,42,15,0,47,59,63,74,62,122
0,0,8,46,0,3,56,9,0,59,54,57,63,68,122
0,0,8,47,0,3,51,13,0,54,55,58,68,67,122
1,0,7,46,1,3,57,8,0,61,53,56,61,69,123
1,0,11,48,1,4,47,12,0,52,59,63,71,64,124
1,0,7,49,0,6,48,10,0,55,56,62,66,65,121
1,0,11,44,1,3,54,10,0,58,55,58,65,68,124
1,0,7,51,1,5,49,10,0,55,58,63,68,65,124
1,0,11,46,0,1,50,11,0,52,57,58,68,63,120
1,0,8,42,0,4,57,11,0,62,50,54,61,73,123
1,0,12,38,1,1,59,10,0,61,50,51,60,71,122
1,0,8,49,0,3,50,11,0,54,57,60,68,65,122
0,0,7,49,0,5,51,11,0,56,56,61,67,67,123
1,0,7,47,1,2,53,11,0,56,54,56,65,67,122
1,0,12,48,0,3,49,9,0,53,60,63,69,62,122
1,0,7,51,1,2,49,10,0,52,58,60,68,62,121
1,0,10,45,1,3,51,11,0,55,55,58,66,66,122
1,0,11,48,1,1,48,11,0,50,59,60,70,61,121
2,0,6,48,1,3,50,12,0,55,54,57,66,67,122
1,0,7,43,1,1,60,9,0,62,50,51,59,71,122
1,0,7,48,0,2,51,11,0,54,55,57,66,65,120
1,0,8,50,0,3,45,14,0,49,58,61,72,63,121
1,0,8,47,1,3,55,8,0,59,55,58,63,67,123
1,0,8,46,0,2,51,13,0,54,54,56,67,67,121
1,0,7,51,0,3,49,10,0,53,58,61,68,63,121
1,0,8,49,1,3,51,10,0,55,57,60,67,65,123
1,0,10,49,0,3,47,11,0,51,59,62,70,62,121
2,0,10,45,1,6,48,13,0,56,55,61,68,69,125
1,0,10,47,1,3,57,5,0,61,57,60,62,66,124
1,0,8,46,0,2,56,7,0,59,54,56,61,66,120
1,0,9,43,0,4,53,13,0,58,52,56,65,71,123
0,0,10,45,1,4,54,10,0,58,55,59,65,68,124
3,0,10,48,1,3,49,9,0,55,58,61,67,64,123
1,0,9,52,1,1,43,15,0,45,61,62,76,60,122
1,0,6,52,1,2,50,9,0,53,58,60,67,62,121
0,0,11,47,0,4,50,11,0,54,58,62,69,65,123
0,0,8,47,1,3,49,15,0,52,55,58,70,67,123
1,0,11,42,1,1,57,9,0,59,53,54,62,68,122
1,0,9,48,1,3,49,12,0,53,57,60,69,65,123
1,0,7,48,0,3,51,12,0,55,55,58,67,67,122
0,0,0,48,1,4,59,12,0,63,48,52,60,75,124
0,0,11,42,1,3,54,12,0,57,53,56,65,69,123
2,0,12,46,1,1,48,11,0,51,58,59,69,62,121
1,0,6,50,0,3,54,9,0,58,56,59,65,67,123
1,0,6,49,0,5,53,9,0,59,55,60,64,68,123
1,0,8,48,0,4,49,12,0,54,56,60,68,66,122
1,0,9,45,1,4,50,12,0,55,54,58,66,67,122
2,0,8,48,1,3,47,12,0,52,56,59,68,64,121
0,0,0,53,0,4,56,9,0,60,53,57,62,69,122
1,0,8,46,1,2,52,12,0,55,54,56,66,67,122
1,0,8,53,0,3,49,8,0,53,61,64,69,61,122
2,0,6,47,1,4,53,8,0,59,53,57,61,67,121
0,0,11,41,1,2,56,10,0,58,52,54,62,68,121
1,0,0,49,0,5,54,11,0,60,49,54,60,71,120
2,0,10,45,1,2,53,10,0,57,55,57,65,67,123
1,0,7,50,0,5,54,8,0,60,57,62,65,68,125
1,0,10,45,1,2,51,12,0,54,55,57,67,66,122
1,0,8,48,0,3,49,11,0,53,56,59,67,64,120
0,0,9,50,1,2,47,13,0,49,59,61,72,62,122
0,0,0,52,1,3,52,14,0,55,52,55,66,69,122
0,0,8,48,0,2,50,12,0,52,56,58,68,64,120
1,0,6,46,0,3,55,10,0,59,52,55,62,69,121
1,0,9,46,0,3,51,12,0,55,55,58,67,67,122
1,0,7,48,0,5,52,11,0,58,55,60,66,69,124
1,0,7,48,0,2,56,7,0,59,55,57,62,66,121
1,0,8,48,1,3,53,9,0,57,56,59,65,66,123
1,0,8,47,1,2,45,17,0,48,55,57,72,65,121
0,0,7,45,0,3,56,10,0,59,52,55,62,69,121
1,0,9,50,1,3,47,11,0,51,59,62,70,62,122
1,0,9,45,1,2,52,11,0,55,54,56,65,66,121
1,0,6,56,1,4,46,10,0,51,62,66,72,61,124
1,0,12,43,1,3,51,10,0,55,55,58,65,65,121
1,0,9,45,0,2,54,11,0,57,54,56,65,68,122
2,0,7,44,1,3,52,13,0,57,51,54,64,70,122
1,0,13,46,0,3,46,11,0,50,59,62,70,61,120
0,0,13,44,1,2,51,11,0,53,57,59,68,64,122
1,0,8,44,1,4,47,21,0,52,52,56,73,73,126
1,0,6,47,0,3,52,11,0,56,53,56,64,67,120
0,0,7,49,1,5,45,14,0,50,56,61,70,64,121
1,0,8,45,1,5,52,13,0,58,53,58,66,71,125
1,0,10,43,0,3,50,14,0,54,53,56,67,68,121
2,0,7,50,0,5,47,9,0,54,57,62,66,63,120
1,0,9,45,1,2,52,12,0,55,54,56,66,67,122
0,0,7,50,1,3,49,13,0,52,57,60,70,65,123
1,0,8,48,0,4,51,9,0,56,56,60,65,65,121
1,0,0,51,0,4,53,14,0,58,51,55,65,72,123
2,0,15,40,0,3,50,13,0,55,55,58,68,68,123
2,0,10,44,1,2,56,7,0,60,54,56,61,67,122
1,0,8,51,0,4,47,12,0,52,59,63,71,64,123
1,0,10,45,0,3,51,11,0,55,55,58,66,66,121
1,0,8,50,0,3,47,13,0,51,58,61,71,64,122
1,0,7,55,0,4,46,9,0,51,62,66,71,60,122
1,0,0,53,1,5,55,11,0,61,53,58,64,72,126
1,0,8,48,1,3,53,7,0,57,56,59,63,64,121
1,0,9,48,1,4,50,10,0,55,57,61,67,65,123
1,0,9,48,1,3,49,13,0,53,57,60,70,66,124
1,0,8,48,1,5,48,13,0,54,56,61,69,67,124
1,0,10,50,0,3,48,10,0,52,60,63,70,62,122
3,0,9,43,0,2,53,10,0,58,52,54,62,68,120
1,0,10,45,0,2,51,12,0,54,55,57,67,66,121
1,0,0,54,1,4,56,9,0,61,54,58,63,70,125
1,0,8,50,0,5,50,11,0,56,58,63,69,67,125
1,0,11,45,1,2,50,12,0,53,56,58,68,65,122
0,0,7,55,1,3,45,10,0,48,62,65,72,58,121
0,0,10,39,1,4,61,8,0,65,49,53,57,73,123
1,0,8,46,1,4,53,10,0,58,54,58,64,68,123
1,0,7,49,1,3,53,9,0,57,56,59,65,66,123
1,0,8,47,1,4,51,12,0,56,55,59,67,68,124
2,0,8,47,1,3,57,6,0,62,55,58,61,68,124
2,0,0,48,0,3,57,11,0,62,48,51,59,73,121
1,0,6,49,1,3,51,11,0,55,55,58,66,66,122
2,0,12,41,1,3,52,12,0,57,53,56,65,69,123
1,0,6,51,1,2,53,8,0,56,57,59,65,64,122
1,0,7,49,0,3,53,9,0,57,56,59,65,66,122
1,0,9,51,1,3,48,8,0,52,60,63,68,60,121
1,0,7,48,0,5,48,12,0,54,55,60,67,66,121
1,0,8,45,1,3,51,14,0,55,53,56,67,69,123
1,0,9,45,0,3,52,12,0,56,54,57,66,68,122
1,0,7,51,1,3,50,10,0,54,58,61,68,64,123
1,0,13,42,1,3,48,14,0,52,55,58,69,66,122
1,0,10,46,1,4,53,10,0,58,56,60,66,68,125
4,0,10,40,0,2,54,10,0,60,50,52,60,70,120
1,0,8,41,1,3,63,6,0,67,49,52,55,73,123
1,0,8,45,1,3,56,9,0,60,53,56,62,69,123
1,0,7,52,0,4,44,12,0,49,59,63,71,61,120
2,0,8,46,1,4,51,12,0,57,54,58,66,69,124
0,0,8,49,0,2,52,10,0,54,57,59,67,64,121
4,0,8,45,1,3,50,12,0,57,53,56,65,69,123
1,0,9,46,0,5,51,12,0,57,55,60,67,69,124
1,0,9,44,1,4,55,11,0,60,53,57,64,71,125
0,0,6,53,0,1,48,12,0,49,59,60,71,61,120
0,0,0,53,1,2,50,16,0,52,53,55,69,68,122
1,0,7,52,1,1,48,11,0,50,59,60,70,61,121
2,0,9,42,1,4,53,11,0,59,51,55,62,70,122
1,0,8,47,0,5,54,10,0,60,55,60,65,70,125
0,0,7,49,1,3,53,10,0,56,56,59,66,66,123
0,0,7,50,0,2,53,8,0,55,57,59,65,63,120
0,0,8,49,0,1,54,8,0,55,57,58,65,63,120
2,0,9,47,1,3,49,11,0,54,56,59,67,65,122
1,0,11,42,0,3,53,12,0,57,53,56,65,69,122
0,0,8,51,0,4,43,14,0,47,59,63,73,61,120
1,0,8,49,0,4,49,9,0,54,57,61,66,63,120
1,0,13,37,1,4,54,11,0,59,50,54,61,70,121
1,0,7,47,1,2,55,8,0,58,54,56,62,66,121
1,0,10,47,0,2,48,13,0,51,57,59,70,64,121
1,0,8,46,1,3,56,8,0,60,54,57,62,68,123
1,0,6,50,1,4,51,11,0,56,56,60,67,67,124
1,0,7,47,1,2,55,10,0,58,54,56,64,68,123
2,0,12,43,1,2,47,14,0,51,55,57,69,65,121
1,0,6,47,1,4,53,12,0,58,53,57,65,70,124
0,0,10,45,1,4,55,9,0,59,55,59,64,68,124
1,0,9,46,0,4,51,10,0,56,55,59,65,66,121
0,0,0,50,1,5,58,10,0,63,50,55,60,73,124
1,0,10,43,1,3,51,12,0,55,53,56,65,67,121
1,0,6,48,0,3,51,12,0,55,54,57,66,67,121
1,0,8,47,0,2,51,11,0,54,55,57,66,65,120
3,0,9,44,0,2,50,12,0,55,53,55,65,67,120
0,0,12,48,1,6,47,12,0,53,60,66,72,65,126
0,0,9,49,0,4,49,11,0,53,58,62,69,64,122
1,0,9,45,0,2,51,12,0,54,54,56,66,66,120
1,0,7,48,1,3,53,9,0,57,55,58,64,66,122
1,0,9,50,0,4,47,11,0,52,59,63,70,63,122
1,0,8,53,0,0,47,12,0,48,61,61,73,60,121
1,0,8,45,1,2,55,11,0,58,53,55,64,69,123
0,0,9,48,1,3,49,11,0,52,57,60,68,63,121
1,0,6,48,1,4,52,9,0,57,54,58,63,66,121
0,0,9,45,0,3,53,12,0,56,54,57,66,68,122
1,0,7,50,1,3,52,9,0,56,57,60,66,65,123
1,0,7,48,0,3,50,13,0,54,55,58,68,67,122
1,0,13,45,0,3,49,12,0,53,58,61,70,65,123
1,0,8,49,0,2,49,11,0,52,57,59,68,63,120
1,0,6,48,1,3,50,13,0,54,54,57,67,67,122
1,0,11,41,0,3,53,12,0,57,52,55,64,69,121
2,0,6,48,1,5,50,12,0,57,54,59,66,69,124
1,0,9,45,1,4,54,10,0,59,54,58,64,69,124
2,0,10,43,1,2,51,13,0,55,53,55,66,68,122
1,0,6,51,1,4,52,9,0,57,57,61,66,66,124
0,0,10,47,1,4,49,13,0,53,57,61,70,66,124
1,0,8,47,0,2,51,13,0,54,55,57,68,67,122
1,0,9,50,1,4,49,10,0,54,59,63,69,64,124
1,0,9,46,1,1,53,10,0,55,55,56,65,65,121
0,0,8,44,0,3,53,12,0,56,52,55,64,68,120
1,0,8,47,1,3,56,8,0,60,55,58,63,68,124
1,0,10,44,0,3,51,13,0,55,54,57,67,68,122
0,0,6,48,0,2,57,8,0,59,54,56,62,67,121
1,0,11,41,1,4,54,10,0,59,52,56,62,69,122
1,0,10,42,1,2,52,14,0,55,52,54,66,69,122
2,0,7,53,1,2,48,8,0,52,60,62,68,60,121
0,0,7,45,0,3,55,11,0,58,52,55,63,69,121
2,0,10,40,0,5,55,11,0,62,50,55,61,73,123
1,0,7,49,1,2,52,10,0,55,56,58,66,65,122
0,0,8,50,1,3,51,8,0,54,58,61,66,62,121
1,0,8,42,1,3,54,13,0,58,50,53,63,71,122
1,0,9,45,0,2,45,18,0,48,54,56,72,66,120
0,0,0,50,0,4,55,14,0,59,50,54,64,73,123
1,0,0,50,0,3,56,12,0,60,50,53,62,72,122
5,0,8,44,1,3,52,10,0,60,52,55,62,70,123
1,0,8,42,0,4,57,10,0,62,50,54,60,72,122
2,0,7,48,0,3,53,8,0,58,55,58,63,66,121
1,0,9,51,0,4,47,11,0,52,60,64,71,63,123
1,0,8,46,0,2,55,9,0,58,54,56,63,67,121
0,0,9,48,0,3,53,9,0,56,57,60,66,65,122
1,0,8,45,1,2,50,15,0,53,53,55,68,68,122
1,0,9,45,0,4,55,9,0,60,54,58,63,69,123
1,0,0,48,1,4,55,14,0,60,48,52,62,74,123
1,0,0,49,0,4,60,8,0,65,49,53,57,73,122
1,0,9,46,1,2,54,9,0,57,55,57,64,66,122
1,0,7,48,0,2,51,12,0,54,55,57,67,66,121
3,0,7,45,0,4,52,12,0,59,52,56,64,71,123
1,0,8,48,1,4,48,13,0,53,56,60,69,66,123
0,0,8,50,0,3,50,11,0,53,58,61,69,64,122
2,0,8,48,1,4,50,11,0,56,56,60,67,67,124
1,0,9,48,1,1,51,10,0,53,57,58,67,63,121
1,0,11,42,1,2,56,9,0,59,53,55,62,68,122
1,0,12,43,0,4,49,14,0,54,55,59,69,68,123
1,0,6,51,0,4,51,10,0,56,57,61,67,66,123
6,0,0,51,1,4,51,10,0,61,51,55,61,71,123
1,0,9,48,1,3,47,15,0,51,57,60,72,66,124
1,0,10,43,0,5,54,11,0,60,53,58,64,71,124
0,0,9,48,1,1,54,8,0,55,57,58,65,63,121
0,0,8,47,0,1,54,10,0,55,55,56,65,65,120
2,0,11,40,0,2,56,9,0,60,51,53,60,69,120
1,0,9,50,0,3,49,9,0,53,59,62,68,62,121
0,0,10,43,0,3,55,11,0,58,53,56,64,69,122
1,0,7,46,1,4,52,14,0,57,53,57,67,71,125
0,0,8,48,0,2,50,12,0,52,56,58,68,64,120
0,0,0,60,0,4,44,12,0,48,60,64,72,60,120
0,0,9,44,1,3,56,10,0,59,53,56,63,69,123
1,0,6,44,0,3,57,9,0,61,50,53,59,70,120
1,0,7,47,0,1,57,8,0,59,54,55,62,67,121
2,0,9,48,1,1,50,10,0,53,57,58,67,63,121
2,0,10,47,1,3,47,11,0,52,57,60,68,63,121
2,0,8,52,0,3,45,10,0,50,60,63,70,60,120
1,0,8,49,1,5,43,15,0,49,57,62,72,64,122
1,0,9,47,1,3,46,14,0,50,56,59,70,64,121
2,0,8,46,1,4,52,9,0,58,54,58,63,67,122
1,0,9,47,0,2,50,11,0,53,56,58,67,64,120
1,0,8,47,0,3,52,11,0,56,55,58,66,67,122
0,0,10,44,0,2,53,13,0,55,54,56,67,68,122
0,0,0,54,0,4,53,9,0,57,54,58,63,66,120
3,0,7,48,0,3,52,8,0,58,55,58,63,66,121
1,0,7,51,0,3,50,10,0,54,58,61,68,64,122
0,0,7,50,1,2,53,8,0,55,57,59,65,63,121
1,0,9,38,1,4,55,15,0,60,47,51,62,75,123
0,0,7,50,1,3,53,8,0,56,57,60,65,64,122
1,0,9,52,0,3,46,12,0,50,61,64,73,62,123
1,0,9,47,0,3,48,14,0,52,56,59,70,66,122
1,0,0,48,0,3,58,12,0,62,48,51,60,74,122
1,0,8,47,1,2,52,11,0,55,55,57,66,66,122
0,0,7,48,0,3,52,11,0,55,55,58,66,66,121
1,0,7,50,0,4,48,13,0,53,57,61,70,66,123
0,0,7,53,0,2,50,9,0,52,60,62,69,61,121
1,0,9,41,1,2,56,11,0,59,50,52,61,70,121
0,0,7,49,0,5,53,9,0,58,56,61,65,67,123
2,0,8,48,1,3,49,10,0,54,56,59,66,64,121
1,0,9,48,1,3,50,10,0,54,57,60,67,64,122
0,0,9,47,1,3,55,8,0,58,56,59,64,66,123
1,0,10,42,0,3,53,14,0,57,52,55,66,71,123
1,0,9,44,0,4,52,11,0,57,53,57,64,68,121
1,0,9,45,1,4,54,11,0,59,54,58,65,70,125
1,0,8,48,1,4,51,11,0,56,56,60,67,67,124
1,0,7,45,1,3,51,16,0,55,52,55,68,71,124
1,0,8,49,1,4,48,12,0,53,57,61,69,65,123
1,0,6,47,1,3,54,11,0,58,53,56,64,69,123
1,0,14,38,0,5,51,12,0,57,52,57,64,69,121
1,0,9,52,0,2,48,8,0,51,61,63,69,59,120
1,0,7,51,1,4,50,11,0,55,58,62,69,66,125
1,0,7,51,0,3,50,10,0,54,58,61,68,64,122
0,0,8,44,1,3,55,11,0,58,52,55,63,69,122
1,0,7,42,1,2,54,15,0,57,49,51,64,72,122
1,0,8,46,0,3,50,14,0,54,54,57,68,68,122
1,0,8,44,1,3,54,12,0,58,52,55,64,70,123
0,0,8,46,1,4,53,9,0,57,54,58,63,66,121
1,0,8,50,1,3,51,10,0,55,58,61,68,65,124
1,0,7,49,0,2,52,10,0,55,56,58,66,65,121
0,0,13,43,0,4,52,11,0,56,56,60,67,67,123
0,0,9,50,0,3,47,11,0,50,59,62,70,61,120
0,0,9,45,1,2,55,10,0,57,54,56,64,67,122
1,0,11,38,0,3,59,10,0,63,49,52,59,73,122
1,0,7,49,1,3,47,14,0,51,56,59,70,65,122
0,0,7,51,1,2,48,12,0,50,58,60,70,62,121
1,0,11,44,0,3,53,10,0,57,55,58,65,67,122
1,0,8,44,1,3,59,8,0,63,52,55,60,71,124
0,0,0,53,1,3,56,9,0,59,53,56,62,68,122
0,0,7,46,0,4,52,14,0,56,53,57,67,70,123
1,0,0,51,0,3,54,12,0,58,51,54,63,70,121
0,0,8,52,0,2,48,10,0,50,60,62,70,60,120
1,0,8,51,1,2,51,8,0,54,59,61,67,62,122
2,0,7,50,1,1,53,7,0,56,57,58,64,63,121
1,0,7,46,0,3,55,9,0,59,53,56,62,68,121
0,0,7,45,1,6,56,11,0,62,52,58,63,73,126
1,0,8,47,0,2,51,11,0,54,55,57,66,65,120
1,0,7,46,0,3,52,14,0,56,53,56,67,70,123
2,0,9,42,1,2,50,17,0,54,51,53,68,71,123
2,0,8,43,1,3,50,15,0,55,51,54,66,70,122
1,0,7,45,1,2,54,12,0,57,52,54,64,69,122
1,0,0,52,1,1,56,11,0,58,52,53,63,69,122
1,0,7,55,0,4,46,9,0,51,62,66,71,60,122
1,0,7,46,0,2,53,12,0,56,53,55,65,68,121
0,0,8,47,0,1,54,10,0,55,55,56,65,65,120
1,0,10,44,0,2,52,11,0,55,54,56,65,66,120
1,0,7,47,0,6,50,9,0,57,54,60,63,66,120
1,0,10,43,1,5,53,12,0,59,53,58,65,71,125
1,0,7,50,1,3,50,10,0,54,57,60,67,64,122
1,0,7,45,1,4,54,10,0,59,52,56,62,69,122
1,0,0,51,0,5,51,16,0,57,51,56,67,73,124
0,0,0,52,1,4,52,13,0,56,52,56,65,69,122
1,0,10,48,1,3,50,11,0,54,58,61,69,65,124
1,0,7,46,0,4,46,16,0,51,53,57,69,67,120
1,0,9,48,0,3,50,10,0,54,57,60,67,64,121
1,0,11,44,0,3,54,9,0,58,55,58,64,67,122
1,0,0,54,1,2,49,16,0,52,54,56,70,68,123
2,0,10,39,0,3,56,12,0,61,49,52,61,73,122
0,0,11,47,0,2,49,11,0,51,58,60,69,62,120
0,0,9,44,0,2,54,12,0,56,53,55,65,68,121
0,0,9,41,0,3,59,10,0,62,50,53,60,72,122
0,0,9,49,0,5,49,11,0,54,58,63,69,65,123
1,0,11,46,0,2,50,10,0,53,57,59,67,63,120
1,0,6,48,1,2,53,11,0,56,54,56,65,67,122
1,0,9,50,0,4,49,9,0,54,59,63,68,63,122
1,0,8,44,0,2,50,17,0,53,52,54,69,70,122
1,0,9,46,0,3,56,7,0,60,55,58,62,67,122
1,0,7,50,0,3,50,9,0,54,57,60,66,63,120
1,0,7,44,1,3,52,15,0,56,51,54,66,71,123
1,0,7,48,1,3,51,11,0,55,55,58,66,66,122
0,0,8,48,0,4,54,9,0,58,56,60,65,67,123
1,0,8,52,0,2,49,9,0,52,60,62,69,61,121
1,0,11,48,0,3,47,11,0,51,59,62,70,62,121
1,0,0,52,0,2,55,11,0,58,52,54,63,69,121
0,0,6,49,0,5,53,9,0,58,55,60,64,67,122
